Time  Strain  Total stress    Spring stress Gradient
0.0	0.0	0.0001	1.0e-5	0.01
0.1	0.01	0.0002	2.0e-5	0.01002
0.2	0.02	0.0003	3.0e-5	0.01005
0.3	0.03	0.0004	4.0e-5	0.01009
0.4	0.04	0.0005	5.0e-5	0.01015
0.5	0.05	0.00061	6.0e-5	0.01022
0.6	0.06	0.00071	7.0e-5	0.01031
0.7	0.07	0.00081	8.0e-5	0.01042
0.8	0.08	0.00092	9.0e-5	0.01054
0.9	0.09	0.00102	0.0001	0.01067
1.0	0.1	0.00113	0.00011	0.01082
1.1	0.11	0.00124	0.00012	0.01098
1.2	0.12	0.00135	0.00013	0.01116
1.3	0.13	0.00147	0.00014	0.01136
1.4	0.14	0.00158	0.00015	0.01156
1.5	0.15	0.0017	0.00016	0.01179
1.6	0.16	0.00182	0.00017	0.01202
1.7	0.17	0.00194	0.00018	0.01227
1.8	0.18	0.00207	0.00019	0.01254
1.9	0.19	0.0022	0.0002	0.01282
2.0	0.2	0.00233	0.00021	0.01312
2.1	0.21	0.00246	0.00022	0.01343
2.2	0.22	0.0026	0.00023	0.01375
2.3	0.23	0.00274	0.00024	0.01409
2.4	0.24	0.00289	0.00025	0.01444
2.5	0.25	0.00303	0.00026	0.01481
2.6	0.26	0.00319	0.00027	0.01519
2.7	0.27	0.00334	0.00028	0.01559
2.8	0.28	0.0035	0.00029	0.016
2.9	0.29	0.00367	0.0003	0.01642
3.0	0.3	0.00383	0.00031	0.01686
3.1	0.31	0.00401	0.00032	0.01731
3.2	0.32	0.00419	0.00033	0.01778
3.3	0.33	0.00437	0.00034	0.01826
3.4	0.34	0.00456	0.00035	0.01876
3.5	0.35	0.00475	0.00036	0.01927
3.6	0.36	0.00495	0.00037	0.01979
3.7	0.37	0.00515	0.00038	0.02033
3.8	0.38	0.00536	0.00039	0.02088
3.9	0.39	0.00557	0.0004	0.02144
4.0	0.4	0.00579	0.00041	0.02202
4.1	0.41	0.00602	0.00042	0.02262
4.2	0.42	0.00625	0.00043	0.02323
4.3	0.43	0.00649	0.00044	0.02385
4.4	0.44	0.00674	0.00045	0.02448
4.5	0.45	0.00699	0.00046	0.02513
4.6	0.46	0.00724	0.00047	0.0258
4.7	0.47	0.00751	0.00048	0.02647
4.8	0.48	0.00778	0.00049	0.02716
4.9	0.49	0.00806	0.0005	0.02787
5.0	0.5	0.00835	0.00051	0.02859
5.1	0.51	0.00864	0.00052	0.02932
5.2	0.52	0.00894	0.00053	0.03006
5.3	0.53	0.00925	0.00054	0.03082
5.4	0.54	0.00956	0.00055	0.03159
5.5	0.55	0.00989	0.00056	0.03238
5.6	0.56	0.01022	0.00057	0.03318
5.7	0.57	0.01056	0.00058	0.034
5.8	0.58	0.01091	0.00059	0.03482
5.9	0.59	0.01126	0.0006	0.03566
6.0	0.6	0.01163	0.00061	0.03652
6.1	0.61	0.012	0.00062	0.03738
6.2	0.62	0.01239	0.00063	0.03827
6.3	0.63	0.01278	0.00064	0.03916
6.4	0.64	0.01318	0.00065	0.04007
6.5	0.65	0.01359	0.00066	0.04099
6.6	0.66	0.01401	0.00067	0.04192
6.7	0.67	0.01444	0.00068	0.04287
6.8	0.68	0.01487	0.00069	0.04383
6.9	0.69	0.01532	0.0007	0.04481
7.0	0.7	0.01578	0.00071	0.04579
7.1	0.71	0.01625	0.00072	0.0468
7.2	0.72	0.01673	0.00073	0.04781
7.3	0.73	0.01721	0.00074	0.04884
7.4	0.74	0.01771	0.00075	0.04988
7.5	0.75	0.01822	0.00076	0.05093
7.6	0.76	0.01874	0.00077	0.052
7.7	0.77	0.01927	0.00078	0.05308
7.8	0.78	0.01981	0.00079	0.05417
7.9	0.79	0.02037	0.0008	0.05528
8.0	0.8	0.02093	0.00081	0.05639
8.1	0.81	0.02151	0.00082	0.05753
8.2	0.82	0.02209	0.00083	0.05867
8.3	0.83	0.02269	0.00084	0.05983
8.4	0.84	0.0233	0.00085	0.061
8.5	0.85	0.02392	0.00086	0.06218
8.6	0.86	0.02456	0.00087	0.06338
8.7	0.87	0.0252	0.00088	0.06459
8.8	0.88	0.02586	0.00089	0.06581
8.9	0.89	0.02653	0.0009	0.06704
9.0	0.9	0.02721	0.00091	0.06829
9.1	0.91	0.02791	0.00092	0.06955
9.2	0.92	0.02862	0.00093	0.07083
9.3	0.93	0.02934	0.00094	0.07211
9.4	0.94	0.03007	0.00095	0.07341
9.5	0.95	0.03082	0.00096	0.07472
9.6	0.96	0.03158	0.00097	0.07604
9.7	0.97	0.03236	0.00098	0.07738
9.8	0.98	0.03314	0.00099	0.07873
9.9	0.99	0.03394	0.001	0.08009
10.0	1.0	0.03476	0.00101	0.08146
10.1	1.01	0.03559	0.00102	0.08285
10.2	1.02	0.03643	0.00103	0.08425
10.3	1.03	0.03729	0.00104	0.08566
10.4	1.04	0.03816	0.00105	0.08709
10.5	1.05	0.03904	0.00106	0.08852
10.6	1.06	0.03994	0.00107	0.08997
10.7	1.07	0.04086	0.00108	0.09143
10.8	1.08	0.04178	0.00109	0.0929
10.9	1.09	0.04273	0.0011	0.09439
11.0	1.1	0.04369	0.00111	0.09589
11.1	1.11	0.04466	0.00112	0.09737
11.2	1.12	0.04565	0.00113	0.09883
11.3	1.13	0.04665	0.00114	0.10028
11.4	1.14	0.04767	0.00115	0.1017
11.5	1.15	0.0487	0.00116	0.10311
11.6	1.16	0.04975	0.00117	0.10451
11.7	1.17	0.0508	0.00118	0.10588
11.8	1.18	0.05188	0.00119	0.10724
11.9	1.19	0.05296	0.0012	0.10858
12.0	1.2	0.05406	0.00121	0.1099
12.1	1.21	0.05517	0.00122	0.1112
12.2	1.22	0.0563	0.00123	0.11249
12.3	1.23	0.05744	0.00124	0.11376
12.4	1.24	0.05859	0.00125	0.11501
12.5	1.25	0.05975	0.00126	0.11625
12.6	1.26	0.06092	0.00127	0.11747
12.7	1.27	0.06211	0.00128	0.11867
12.8	1.28	0.06331	0.00129	0.11985
12.9	1.29	0.06452	0.0013	0.12102
13.0	1.3	0.06574	0.00131	0.12217
13.1	1.31	0.06697	0.00132	0.1233
13.2	1.32	0.06822	0.00133	0.12442
13.3	1.33	0.06947	0.00134	0.12551
13.4	1.34	0.07074	0.00135	0.1266
13.5	1.35	0.07202	0.00136	0.12766
13.6	1.36	0.0733	0.00137	0.12871
13.7	1.37	0.0746	0.00138	0.12974
13.8	1.38	0.07591	0.00139	0.13075
13.9	1.39	0.07722	0.0014	0.13175
14.0	1.4	0.07855	0.00141	0.13273
14.1	1.41	0.07989	0.00142	0.13369
14.2	1.42	0.08124	0.00143	0.13464
14.3	1.43	0.08259	0.00144	0.13557
14.4	1.44	0.08396	0.00145	0.13648
14.5	1.45	0.08533	0.00146	0.13738
14.6	1.46	0.08671	0.00147	0.13826
14.7	1.47	0.0881	0.00148	0.13912
14.8	1.48	0.0895	0.00149	0.13996
14.9	1.49	0.09091	0.0015	0.14079
15.0	1.5	0.09233	0.00151	0.14161
15.1	1.51	0.09375	0.00152	0.1424
15.2	1.52	0.09518	0.00153	0.14319
15.3	1.53	0.09662	0.00154	0.14395
15.4	1.54	0.09807	0.00155	0.1447
15.5	1.55	0.09952	0.00156	0.14543
15.6	1.56	0.10099	0.00157	0.14614
15.7	1.57	0.10245	0.00158	0.14684
15.8	1.58	0.10393	0.00159	0.14752
15.9	1.59	0.10541	0.0016	0.14819
16.0	1.6	0.1069	0.00161	0.14884
16.1	1.61	0.10839	0.00162	0.14947
16.2	1.62	0.10989	0.00163	0.15009
16.3	1.63	0.1114	0.00164	0.15069
16.4	1.64	0.11291	0.00165	0.15128
16.5	1.65	0.11443	0.00166	0.15185
16.6	1.66	0.11596	0.00167	0.1524
16.7	1.67	0.11749	0.00168	0.15294
16.8	1.68	0.11902	0.00169	0.15346
16.9	1.69	0.12056	0.0017	0.15396
17.0	1.7	0.1221	0.00171	0.15445
17.1	1.71	0.12365	0.00172	0.15492
17.2	1.72	0.12521	0.00173	0.15538
17.3	1.73	0.12677	0.00174	0.15582
17.4	1.74	0.12833	0.00175	0.15625
17.5	1.75	0.1299	0.00176	0.15666
17.6	1.76	0.13147	0.00177	0.15705
17.7	1.77	0.13304	0.00178	0.15743
17.8	1.78	0.13462	0.00179	0.15779
17.9	1.79	0.1362	0.0018	0.15814
18.0	1.8	0.13778	0.00181	0.15847
18.1	1.81	0.13937	0.00182	0.15879
18.2	1.82	0.14096	0.00183	0.15909
18.3	1.83	0.14256	0.00184	0.15937
18.4	1.84	0.14415	0.00185	0.15964
18.5	1.85	0.14575	0.00186	0.1599
18.6	1.86	0.14735	0.00187	0.16013
18.7	1.87	0.14896	0.00188	0.16036
18.8	1.88	0.15056	0.00189	0.16056
18.9	1.89	0.15217	0.0019	0.16076
19.0	1.9	0.15378	0.00191	0.16093
19.1	1.91	0.15539	0.00192	0.16109
19.2	1.92	0.157	0.00193	0.16124
19.3	1.93	0.15862	0.00194	0.16137
19.4	1.94	0.16023	0.00195	0.16148
19.5	1.95	0.16185	0.00196	0.16158
19.6	1.96	0.16346	0.00197	0.16167
19.7	1.97	0.16508	0.00198	0.16174
19.8	1.98	0.1667	0.00199	0.16179
19.9	1.99	0.16832	0.002	0.16183
20.0	2.0	0.16994	0.00201	0.16186
20.1	2.01	0.17155	0.00202	0.16187
20.2	2.02	0.17317	0.00203	0.16186
20.3	2.03	0.17479	0.00204	0.16184
20.4	2.04	0.17641	0.00205	0.16181
20.5	2.05	0.17803	0.00206	0.16176
20.6	2.06	0.17964	0.00207	0.16169
20.7	2.07	0.18126	0.00208	0.16161
20.8	2.08	0.18288	0.00209	0.16151
20.9	2.09	0.18449	0.0021	0.1614
21.0	2.1	0.1861	0.00211	0.16128
21.1	2.11	0.18771	0.00212	0.16114
21.2	2.12	0.18932	0.00213	0.16098
21.3	2.13	0.19093	0.00214	0.16082
21.4	2.14	0.19254	0.00215	0.16063
21.5	2.15	0.19414	0.00216	0.16043
21.6	2.16	0.19574	0.00217	0.16022
21.7	2.17	0.19734	0.00218	0.15999
21.8	2.18	0.19894	0.00219	0.15975
21.9	2.19	0.20054	0.0022	0.15949
22.0	2.2	0.20213	0.00221	0.15922
22.1	2.21	0.20372	0.00222	0.15895
22.2	2.22	0.20531	0.00223	0.15868
22.3	2.23	0.20689	0.00224	0.15841
22.4	2.24	0.20847	0.00225	0.15814
22.5	2.25	0.21005	0.00226	0.15787
22.6	2.26	0.21163	0.00227	0.1576
22.7	2.27	0.2132	0.00228	0.15733
22.8	2.28	0.21477	0.00229	0.15707
22.9	2.29	0.21634	0.0023	0.1568
23.0	2.3	0.2179	0.00231	0.15653
23.1	2.31	0.21947	0.00232	0.15627
23.2	2.32	0.22103	0.00233	0.156
23.3	2.33	0.22258	0.00234	0.15574
23.4	2.34	0.22414	0.00235	0.15547
23.5	2.35	0.22569	0.00236	0.15521
23.6	2.36	0.22724	0.00237	0.15494
23.7	2.37	0.22879	0.00238	0.15468
23.8	2.38	0.23033	0.00239	0.15442
23.9	2.39	0.23187	0.0024	0.15415
24.0	2.4	0.23341	0.00241	0.15389
24.1	2.41	0.23495	0.00242	0.15363
24.2	2.42	0.23648	0.00243	0.15337
24.3	2.43	0.23801	0.00244	0.15311
24.4	2.44	0.23954	0.00245	0.15285
24.5	2.45	0.24107	0.00246	0.15259
24.6	2.46	0.24259	0.00247	0.15233
24.7	2.47	0.24411	0.00248	0.15207
24.8	2.48	0.24563	0.00249	0.15181
24.9	2.49	0.24714	0.0025	0.15156
25.0	2.5	0.24866	0.00251	0.1513
25.1	2.51	0.25017	0.00252	0.15104
25.2	2.52	0.25168	0.00253	0.15079
25.3	2.53	0.25318	0.00254	0.15053
25.4	2.54	0.25468	0.00255	0.15028
25.5	2.55	0.25618	0.00256	0.15002
25.6	2.56	0.25768	0.00257	0.14977
25.7	2.57	0.25918	0.00258	0.14951
25.8	2.58	0.26067	0.00259	0.14926
25.9	2.59	0.26216	0.0026	0.14901
26.0	2.6	0.26365	0.00261	0.14875
26.1	2.61	0.26513	0.00262	0.1485
26.2	2.62	0.26661	0.00263	0.14825
26.3	2.63	0.26809	0.00264	0.148
26.4	2.64	0.26957	0.00265	0.14775
26.5	2.65	0.27105	0.00266	0.1475
26.6	2.66	0.27252	0.00267	0.14725
26.7	2.67	0.27399	0.00268	0.147
26.8	2.68	0.27546	0.00269	0.14675
26.9	2.69	0.27692	0.0027	0.1465
27.0	2.7	0.27838	0.00271	0.14625
27.1	2.71	0.27984	0.00272	0.14601
27.2	2.72	0.2813	0.00273	0.14576
27.3	2.73	0.28276	0.00274	0.14551
27.4	2.74	0.28421	0.00275	0.14527
27.5	2.75	0.28566	0.00276	0.14502
27.6	2.76	0.28711	0.00277	0.14478
27.7	2.77	0.28855	0.00278	0.14453
27.8	2.78	0.29	0.00279	0.14429
27.9	2.79	0.29144	0.0028	0.14404
28.0	2.8	0.29287	0.00281	0.1438
28.1	2.81	0.29431	0.00282	0.14356
28.2	2.82	0.29574	0.00283	0.14331
28.3	2.83	0.29717	0.00284	0.14307
28.4	2.84	0.2986	0.00285	0.14283
28.5	2.85	0.30003	0.00286	0.14259
28.6	2.86	0.30145	0.00287	0.14235
28.7	2.87	0.30287	0.00288	0.14211
28.8	2.88	0.30429	0.00289	0.14187
28.9	2.89	0.30571	0.0029	0.14163
29.0	2.9	0.30712	0.00291	0.14139
29.1	2.91	0.30853	0.00292	0.14115
29.2	2.92	0.30994	0.00293	0.14091
29.3	2.93	0.31135	0.00294	0.14067
29.4	2.94	0.31275	0.00295	0.14044
29.5	2.95	0.31415	0.00296	0.1402
29.6	2.96	0.31555	0.00297	0.13996
29.7	2.97	0.31695	0.00298	0.13973
29.8	2.98	0.31835	0.00299	0.13949
29.9	2.99	0.31974	0.003	0.13926
30.0	3.0	0.32113	0.00301	0.13902
30.1	3.01	0.32252	0.00302	0.13879
30.2	3.02	0.3239	0.00303	0.13855
30.3	3.03	0.32529	0.00304	0.13832
30.4	3.04	0.32667	0.00305	0.13809
30.5	3.05	0.32805	0.00306	0.13785
30.6	3.06	0.32942	0.00307	0.13762
30.7	3.07	0.3308	0.00308	0.13739
30.8	3.08	0.33217	0.00309	0.13716
30.9	3.09	0.33354	0.0031	0.13693
31.0	3.1	0.3349	0.00311	0.1367
31.1	3.11	0.33627	0.00312	0.13647
31.2	3.12	0.33763	0.00313	0.13624
31.3	3.13	0.33899	0.00314	0.13601
31.4	3.14	0.34035	0.00315	0.13578
31.5	3.15	0.3417	0.00316	0.13555
31.6	3.16	0.34306	0.00317	0.13532
31.7	3.17	0.34441	0.00318	0.13509
31.8	3.18	0.34576	0.00319	0.13487
31.9	3.19	0.3471	0.0032	0.13464
32.0	3.2	0.34845	0.00321	0.13441
32.1	3.21	0.34979	0.00322	0.13419
32.2	3.22	0.35113	0.00323	0.13396
32.3	3.23	0.35247	0.00324	0.13374
32.4	3.24	0.3538	0.00325	0.13351
32.5	3.25	0.35513	0.00326	0.13329
32.6	3.26	0.35646	0.00327	0.13306
32.7	3.27	0.35779	0.00328	0.13284
32.8	3.28	0.35912	0.00329	0.13262
32.9	3.29	0.36044	0.0033	0.13239
33.0	3.3	0.36176	0.00331	0.13217
33.1	3.31	0.36308	0.00332	0.13195
33.2	3.32	0.3644	0.00333	0.13173
33.3	3.33	0.36572	0.00334	0.13151
33.4	3.34	0.36703	0.00335	0.13129
33.5	3.35	0.36834	0.00336	0.13107
33.6	3.36	0.36965	0.00337	0.13085
33.7	3.37	0.37095	0.00338	0.13063
33.8	3.38	0.37226	0.00339	0.13041
33.9	3.39	0.37356	0.0034	0.13019
34.0	3.4	0.37486	0.00341	0.12997
34.1	3.41	0.37616	0.00342	0.12975
34.2	3.42	0.37745	0.00343	0.12954
34.3	3.43	0.37875	0.00344	0.12932
34.4	3.44	0.38004	0.00345	0.1291
34.5	3.45	0.38133	0.00346	0.12889
34.6	3.46	0.38261	0.00347	0.12867
34.7	3.47	0.3839	0.00348	0.12845
34.8	3.48	0.38518	0.00349	0.12824
34.9	3.49	0.38646	0.0035	0.12802
35.0	3.5	0.38774	0.00351	0.12781
35.1	3.51	0.38901	0.00352	0.1276
35.2	3.52	0.39029	0.00353	0.12738
35.3	3.53	0.39156	0.00354	0.12717
35.4	3.54	0.39283	0.00355	0.12696
35.5	3.55	0.3941	0.00356	0.12674
35.6	3.56	0.39536	0.00357	0.12653
35.7	3.57	0.39663	0.00358	0.12632
35.8	3.58	0.39789	0.00359	0.12611
35.9	3.59	0.39915	0.0036	0.1259
36.0	3.6	0.4004	0.00361	0.12569
36.1	3.61	0.40166	0.00362	0.12548
36.2	3.62	0.40291	0.00363	0.12527
36.3	3.63	0.40416	0.00364	0.12506
36.4	3.64	0.40541	0.00365	0.12485
36.5	3.65	0.40665	0.00366	0.12464
36.6	3.66	0.4079	0.00367	0.12443
36.7	3.67	0.40914	0.00368	0.12422
36.8	3.68	0.41038	0.00369	0.12402
36.9	3.69	0.41162	0.0037	0.12381
37.0	3.7	0.41286	0.00371	0.1236
37.1	3.71	0.41409	0.00372	0.1234
37.2	3.72	0.41532	0.00373	0.12319
37.3	3.73	0.41655	0.00374	0.12298
37.4	3.74	0.41778	0.00375	0.12278
37.5	3.75	0.419	0.00376	0.12257
37.6	3.76	0.42023	0.00377	0.12237
37.7	3.77	0.42145	0.00378	0.12217
37.8	3.78	0.42267	0.00379	0.12196
37.9	3.79	0.42389	0.0038	0.12176
38.0	3.8	0.4251	0.00381	0.12156
38.1	3.81	0.42632	0.00382	0.12135
38.2	3.82	0.42753	0.00383	0.12115
38.3	3.83	0.42874	0.00384	0.12095
38.4	3.84	0.42995	0.00385	0.12075
38.5	3.85	0.43115	0.00386	0.12055
38.6	3.86	0.43235	0.00387	0.12035
38.7	3.87	0.43356	0.00388	0.12014
38.8	3.88	0.43475	0.00389	0.11994
38.9	3.89	0.43595	0.0039	0.11974
39.0	3.9	0.43715	0.00391	0.11955
39.1	3.91	0.43834	0.00392	0.11935
39.2	3.92	0.43953	0.00393	0.11915
39.3	3.93	0.44072	0.00394	0.11895
39.4	3.94	0.44191	0.00395	0.11875
39.5	3.95	0.4431	0.00396	0.11855
39.6	3.96	0.44428	0.00397	0.11836
39.7	3.97	0.44546	0.00398	0.11816
39.8	3.98	0.44664	0.00399	0.11796
39.9	3.99	0.44782	0.004	0.11777
40.0	4.0	0.44899	0.00401	0.11757
40.1	4.01	0.45017	0.00402	0.11738
40.2	4.02	0.45134	0.00403	0.11718
40.3	4.03	0.45251	0.00404	0.11699
40.4	4.04	0.45368	0.00405	0.11679
40.5	4.05	0.45484	0.00406	0.1166
40.6	4.06	0.45601	0.00407	0.1164
40.7	4.07	0.45717	0.00408	0.11621
40.8	4.08	0.45833	0.00409	0.11602
40.9	4.09	0.45949	0.0041	0.11583
41.0	4.1	0.46064	0.00411	0.11563
41.1	4.11	0.4618	0.00412	0.11544
41.2	4.12	0.46295	0.00413	0.11525
41.3	4.13	0.4641	0.00414	0.11506
41.4	4.14	0.46525	0.00415	0.11487
41.5	4.15	0.4664	0.00416	0.11468
41.6	4.16	0.46754	0.00417	0.11449
41.7	4.17	0.46868	0.00418	0.1143
41.8	4.18	0.46983	0.00419	0.11411
41.9	4.19	0.47096	0.0042	0.11392
42.0	4.2	0.4721	0.00421	0.11373
42.1	4.21	0.47324	0.00422	0.11354
42.2	4.22	0.47437	0.00423	0.11335
42.3	4.23	0.4755	0.00424	0.11317
42.4	4.24	0.47663	0.00425	0.11298
42.5	4.25	0.47776	0.00426	0.11279
42.6	4.26	0.47889	0.00427	0.1126
42.7	4.27	0.48001	0.00428	0.11242
42.8	4.28	0.48113	0.00429	0.11223
42.9	4.29	0.48225	0.0043	0.11205
43.0	4.3	0.48337	0.00431	0.11186
43.1	4.31	0.48449	0.00432	0.11168
43.2	4.32	0.4856	0.00433	0.11149
43.3	4.33	0.48672	0.00434	0.11131
43.4	4.34	0.48783	0.00435	0.11112
43.5	4.35	0.48894	0.00436	0.11094
43.6	4.36	0.49004	0.00437	0.11076
43.7	4.37	0.49115	0.00438	0.11057
43.8	4.38	0.49225	0.00439	0.11039
43.9	4.39	0.49336	0.0044	0.11021
44.0	4.4	0.49446	0.00441	0.11003
44.1	4.41	0.49556	0.00442	0.10984
44.2	4.42	0.49665	0.00443	0.10966
44.3	4.43	0.49775	0.00444	0.10948
44.4	4.44	0.49884	0.00445	0.1093
44.5	4.45	0.49993	0.00446	0.10912
44.6	4.46	0.50102	0.00447	0.10894
44.7	4.47	0.50211	0.00448	0.10876
44.8	4.48	0.50319	0.00449	0.10858
44.9	4.49	0.50428	0.0045	0.1084
45.0	4.5	0.50536	0.00451	0.10822
45.1	4.51	0.50644	0.00452	0.10805
45.2	4.52	0.50752	0.00453	0.10787
45.3	4.53	0.5086	0.00454	0.10769
45.4	4.54	0.50967	0.00455	0.10751
45.5	4.55	0.51074	0.00456	0.10733
45.6	4.56	0.51182	0.00457	0.10716
45.7	4.57	0.51289	0.00458	0.10698
45.8	4.58	0.51395	0.00459	0.10681
45.9	4.59	0.51502	0.0046	0.10663
46.0	4.6	0.51608	0.00461	0.10645
46.1	4.61	0.51715	0.00462	0.10628
46.2	4.62	0.51821	0.00463	0.1061
46.3	4.63	0.51927	0.00464	0.10593
46.4	4.64	0.52033	0.00465	0.10576
46.5	4.65	0.52138	0.00466	0.10558
46.6	4.66	0.52244	0.00467	0.10541
46.7	4.67	0.52349	0.00468	0.10523
46.8	4.68	0.52454	0.00469	0.10506
46.9	4.69	0.52559	0.0047	0.10489
47.0	4.7	0.52663	0.00471	0.10472
47.1	4.71	0.52768	0.00472	0.10454
47.2	4.72	0.52872	0.00473	0.10437
47.3	4.73	0.52977	0.00474	0.1042
47.4	4.74	0.53081	0.00475	0.10403
47.5	4.75	0.53184	0.00476	0.10386
47.6	4.76	0.53288	0.00477	0.10369
47.7	4.77	0.53392	0.00478	0.10352
47.8	4.78	0.53495	0.00479	0.10335
47.9	4.79	0.53598	0.0048	0.10318
48.0	4.8	0.53701	0.00481	0.10301
48.1	4.81	0.53804	0.00482	0.10284
48.2	4.82	0.53907	0.00483	0.10267
48.3	4.83	0.54009	0.00484	0.1025
48.4	4.84	0.54112	0.00485	0.10234
48.5	4.85	0.54214	0.00486	0.10217
48.6	4.86	0.54316	0.00487	0.102
48.7	4.87	0.54418	0.00488	0.10183
48.8	4.88	0.54519	0.00489	0.10167
48.9	4.89	0.54621	0.0049	0.1015
49.0	4.9	0.54722	0.00491	0.10133
49.1	4.91	0.54823	0.00492	0.10117
49.2	4.92	0.54924	0.00493	0.101
49.3	4.93	0.55025	0.00494	0.10084
49.4	4.94	0.55126	0.00495	0.10067
49.5	4.95	0.55226	0.00496	0.10051
49.6	4.96	0.55327	0.00497	0.10034
49.7	4.97	0.55427	0.00498	0.10018
49.8	4.98	0.55527	0.00499	0.10001
49.9	4.99	0.55627	0.005	0.09985
50.0	5.0	0.55726	0.00501	0.09969
50.1	5.01	0.55826	0.00502	0.09953
50.2	5.02	0.55925	0.00503	0.09936
50.3	5.03	0.56024	0.00504	0.0992
50.4	5.04	0.56123	0.00505	0.09904
50.5	5.05	0.56222	0.00506	0.09888
50.6	5.06	0.56321	0.00507	0.09872
50.7	5.07	0.5642	0.00508	0.09855
50.8	5.08	0.56518	0.00509	0.09839
50.9	5.09	0.56616	0.0051	0.09823
51.0	5.1	0.56714	0.00511	0.09807
51.1	5.11	0.56812	0.00512	0.09791
51.2	5.12	0.5691	0.00513	0.09775
51.3	5.13	0.57008	0.00514	0.09759
51.4	5.14	0.57105	0.00515	0.09743
51.5	5.15	0.57202	0.00516	0.09728
51.6	5.16	0.57299	0.00517	0.09712
51.7	5.17	0.57396	0.00518	0.09696
51.8	5.18	0.57493	0.00519	0.0968
51.9	5.19	0.5759	0.0052	0.09664
52.0	5.2	0.57686	0.00521	0.09649
52.1	5.21	0.57783	0.00522	0.09633
52.2	5.22	0.57879	0.00523	0.09617
52.3	5.23	0.57975	0.00524	0.09601
52.4	5.24	0.58071	0.00525	0.09586
52.5	5.25	0.58166	0.00526	0.0957
52.6	5.26	0.58262	0.00527	0.09555
52.7	5.27	0.58357	0.00528	0.09539
52.8	5.28	0.58453	0.00529	0.09524
52.9	5.29	0.58548	0.0053	0.09508
53.0	5.3	0.58643	0.00531	0.09493
53.1	5.31	0.58737	0.00532	0.09477
53.2	5.32	0.58832	0.00533	0.09462
53.3	5.33	0.58926	0.00534	0.09447
53.4	5.34	0.59021	0.00535	0.09431
53.5	5.35	0.59115	0.00536	0.09416
53.6	5.36	0.59209	0.00537	0.09401
53.7	5.37	0.59303	0.00538	0.09385
53.8	5.38	0.59396	0.00539	0.0937
53.9	5.39	0.5949	0.0054	0.09355
54.0	5.4	0.59583	0.00541	0.0934
54.1	5.41	0.59677	0.00542	0.09325
54.2	5.42	0.5977	0.00543	0.09309
54.3	5.43	0.59863	0.00544	0.09294
54.4	5.44	0.59955	0.00545	0.09279
54.5	5.45	0.60048	0.00546	0.09264
54.6	5.46	0.60141	0.00547	0.09249
54.7	5.47	0.60233	0.00548	0.09234
54.8	5.48	0.60325	0.00549	0.09219
54.9	5.49	0.60417	0.0055	0.09204
55.0	5.5	0.60509	0.00551	0.09189
55.1	5.51	0.60601	0.00552	0.09175
55.2	5.52	0.60692	0.00553	0.0916
55.3	5.53	0.60784	0.00554	0.09145
55.4	5.54	0.60875	0.00555	0.0913
55.5	5.55	0.60966	0.00556	0.09115
55.6	5.56	0.61057	0.00557	0.09101
55.7	5.57	0.61148	0.00558	0.09086
55.8	5.58	0.61239	0.00559	0.09071
55.9	5.59	0.61329	0.0056	0.09057
56.0	5.6	0.6142	0.00561	0.09042
56.1	5.61	0.6151	0.00562	0.09027
56.2	5.62	0.616	0.00563	0.09013
56.3	5.63	0.6169	0.00564	0.08998
56.4	5.64	0.6178	0.00565	0.08984
56.5	5.65	0.6187	0.00566	0.08969
56.6	5.66	0.61959	0.00567	0.08955
56.7	5.67	0.62049	0.00568	0.0894
56.8	5.68	0.62138	0.00569	0.08926
56.9	5.69	0.62227	0.0057	0.08911
57.0	5.7	0.62316	0.00571	0.08897
57.1	5.71	0.62405	0.00572	0.08883
57.2	5.72	0.62494	0.00573	0.08868
57.3	5.73	0.62582	0.00574	0.08854
57.4	5.74	0.6267	0.00575	0.0884
57.5	5.75	0.62759	0.00576	0.08826
57.6	5.76	0.62847	0.00577	0.08811
57.7	5.77	0.62935	0.00578	0.08797
57.8	5.78	0.63023	0.00579	0.08783
57.9	5.79	0.6311	0.0058	0.08769
58.0	5.8	0.63198	0.00581	0.08755
58.1	5.81	0.63285	0.00582	0.08741
58.2	5.82	0.63373	0.00583	0.08727
58.3	5.83	0.6346	0.00584	0.08713
58.4	5.84	0.63547	0.00585	0.08699
58.5	5.85	0.63634	0.00586	0.08685
58.6	5.86	0.6372	0.00587	0.08671
58.7	5.87	0.63807	0.00588	0.08657
58.8	5.88	0.63893	0.00589	0.08643
58.9	5.89	0.6398	0.0059	0.08629
59.0	5.9	0.64066	0.00591	0.08615
59.1	5.91	0.64152	0.00592	0.08601
59.2	5.92	0.64238	0.00593	0.08587
59.3	5.93	0.64323	0.00594	0.08574
59.4	5.94	0.64409	0.00595	0.0856
59.5	5.95	0.64494	0.00596	0.08546
59.6	5.96	0.6458	0.00597	0.08532
59.7	5.97	0.64665	0.00598	0.08519
59.8	5.98	0.6475	0.00599	0.08505
59.9	5.99	0.64835	0.006	0.08491
60.0	6.0	0.6492	0.00601	0.08478
60.1	6.01	0.65004	0.00602	0.08464
60.2	6.02	0.65089	0.00603	0.08451
60.3	6.03	0.65173	0.00604	0.08437
60.4	6.04	0.65257	0.00605	0.08424
60.5	6.05	0.65341	0.00606	0.0841
60.6	6.06	0.65425	0.00607	0.08397
60.7	6.07	0.65509	0.00608	0.08383
60.8	6.08	0.65593	0.00609	0.0837
60.9	6.09	0.65677	0.0061	0.08356
61.0	6.1	0.6576	0.00611	0.08343
61.1	6.11	0.65843	0.00612	0.0833
61.2	6.12	0.65926	0.00613	0.08316
61.3	6.13	0.66009	0.00614	0.08303
61.4	6.14	0.66092	0.00615	0.0829
61.5	6.15	0.66175	0.00616	0.08277
61.6	6.16	0.66258	0.00617	0.08263
61.7	6.17	0.6634	0.00618	0.0825
61.8	6.18	0.66423	0.00619	0.08237
61.9	6.19	0.66505	0.0062	0.08224
62.0	6.2	0.66587	0.00621	0.08211
62.1	6.21	0.66669	0.00622	0.08198
62.2	6.22	0.66751	0.00623	0.08185
62.3	6.23	0.66832	0.00624	0.08172
62.4	6.24	0.66914	0.00625	0.08158
62.5	6.25	0.66996	0.00626	0.08145
62.6	6.26	0.67077	0.00627	0.08133
62.7	6.27	0.67158	0.00628	0.0812
62.8	6.28	0.67239	0.00629	0.08107
62.9	6.29	0.6732	0.0063	0.08094
63.0	6.3	0.67401	0.00631	0.08081
63.1	6.31	0.67482	0.00632	0.08068
63.2	6.32	0.67562	0.00633	0.08055
63.3	6.33	0.67643	0.00634	0.08042
63.4	6.34	0.67723	0.00635	0.0803
63.5	6.35	0.67803	0.00636	0.08017
63.6	6.36	0.67883	0.00637	0.08004
63.7	6.37	0.67963	0.00638	0.07991
63.8	6.38	0.68043	0.00639	0.07979
63.9	6.39	0.68122	0.0064	0.07966
64.0	6.4	0.68202	0.00641	0.07953
64.1	6.41	0.68281	0.00642	0.07941
64.2	6.42	0.68361	0.00643	0.07928
64.3	6.43	0.6844	0.00644	0.07915
64.4	6.44	0.68519	0.00645	0.07903
64.5	6.45	0.68598	0.00646	0.0789
64.6	6.46	0.68676	0.00647	0.07878
64.7	6.47	0.68755	0.00648	0.07865
64.8	6.48	0.68834	0.00649	0.07853
64.9	6.49	0.68912	0.0065	0.0784
65.0	6.5	0.6899	0.00651	0.07828
65.1	6.51	0.69068	0.00652	0.07816
65.2	6.52	0.69147	0.00653	0.07803
65.3	6.53	0.69224	0.00654	0.07791
65.4	6.54	0.69302	0.00655	0.07778
65.5	6.55	0.6938	0.00656	0.07766
65.6	6.56	0.69457	0.00657	0.07754
65.7	6.57	0.69535	0.00658	0.07742
65.8	6.58	0.69612	0.00659	0.07729
65.9	6.59	0.69689	0.0066	0.07717
66.0	6.6	0.69766	0.00661	0.07705
66.1	6.61	0.69843	0.00662	0.07693
66.2	6.62	0.6992	0.00663	0.07681
66.3	6.63	0.69997	0.00664	0.07668
66.4	6.64	0.70073	0.00665	0.07656
66.5	6.65	0.7015	0.00666	0.07644
66.6	6.66	0.70226	0.00667	0.07632
66.7	6.67	0.70302	0.00668	0.0762
66.8	6.68	0.70378	0.00669	0.07608
66.9	6.69	0.70454	0.0067	0.07596
67.0	6.7	0.7053	0.00671	0.07584
67.1	6.71	0.70606	0.00672	0.07572
67.2	6.72	0.70681	0.00673	0.0756
67.3	6.73	0.70757	0.00674	0.07548
67.4	6.74	0.70832	0.00675	0.07536
67.5	6.75	0.70908	0.00676	0.07525
67.6	6.76	0.70983	0.00677	0.07513
67.7	6.77	0.71058	0.00678	0.07501
67.8	6.78	0.71133	0.00679	0.07489
67.9	6.79	0.71207	0.0068	0.07477
68.0	6.8	0.71282	0.00681	0.07466
68.1	6.81	0.71357	0.00682	0.07454
68.2	6.82	0.71431	0.00683	0.07442
68.3	6.83	0.71505	0.00684	0.0743
68.4	6.84	0.71579	0.00685	0.07419
68.5	6.85	0.71654	0.00686	0.07407
68.6	6.86	0.71727	0.00687	0.07395
68.7	6.87	0.71801	0.00688	0.07384
68.8	6.88	0.71875	0.00689	0.07372
68.9	6.89	0.71949	0.0069	0.07361
69.0	6.9	0.72022	0.00691	0.07349
69.1	6.91	0.72096	0.00692	0.07337
69.2	6.92	0.72169	0.00693	0.07326
69.3	6.93	0.72242	0.00694	0.07314
69.4	6.94	0.72315	0.00695	0.07303
69.5	6.95	0.72388	0.00696	0.07292
69.6	6.96	0.72461	0.00697	0.0728
69.7	6.97	0.72533	0.00698	0.07269
69.8	6.98	0.72606	0.00699	0.07257
69.9	6.99	0.72678	0.007	0.07246
70.0	7.0	0.72751	0.00701	0.07235
70.1	7.01	0.72823	0.00702	0.07223
70.2	7.02	0.72895	0.00703	0.07212
70.3	7.03	0.72967	0.00704	0.07201
70.4	7.04	0.73039	0.00705	0.07189
70.5	7.05	0.73111	0.00706	0.07178
70.6	7.06	0.73182	0.00707	0.07167
70.7	7.07	0.73254	0.00708	0.07156
70.8	7.08	0.73325	0.00709	0.07145
70.9	7.09	0.73397	0.0071	0.07133
71.0	7.1	0.73468	0.00711	0.07122
71.1	7.11	0.73539	0.00712	0.07111
71.2	7.12	0.7361	0.00713	0.071
71.3	7.13	0.73681	0.00714	0.07089
71.4	7.14	0.73752	0.00715	0.07078
71.5	7.15	0.73822	0.00716	0.07067
71.6	7.16	0.73893	0.00717	0.07056
71.7	7.17	0.73963	0.00718	0.07045
71.8	7.18	0.74034	0.00719	0.07034
71.9	7.19	0.74104	0.0072	0.07023
72.0	7.2	0.74174	0.00721	0.07012
72.1	7.21	0.74244	0.00722	0.07001
72.2	7.22	0.74314	0.00723	0.0699
72.3	7.23	0.74384	0.00724	0.06979
72.4	7.24	0.74454	0.00725	0.06968
72.5	7.25	0.74523	0.00726	0.06958
72.6	7.26	0.74593	0.00727	0.06947
72.7	7.27	0.74662	0.00728	0.06936
72.8	7.28	0.74731	0.00729	0.06925
72.9	7.29	0.748	0.0073	0.06914
73.0	7.3	0.74869	0.00731	0.06904
73.1	7.31	0.74938	0.00732	0.06893
73.2	7.32	0.75007	0.00733	0.06882
73.3	7.33	0.75076	0.00734	0.06872
73.4	7.34	0.75144	0.00735	0.06861
73.5	7.35	0.75213	0.00736	0.0685
73.6	7.36	0.75281	0.00737	0.0684
73.7	7.37	0.7535	0.00738	0.06829
73.8	7.38	0.75418	0.00739	0.06818
73.9	7.39	0.75486	0.0074	0.06808
74.0	7.4	0.75554	0.00741	0.06797
74.1	7.41	0.75622	0.00742	0.06787
74.2	7.42	0.7569	0.00743	0.06776
74.3	7.43	0.75757	0.00744	0.06766
74.4	7.44	0.75825	0.00745	0.06755
74.5	7.45	0.75892	0.00746	0.06745
74.6	7.46	0.7596	0.00747	0.06734
74.7	7.47	0.76027	0.00748	0.06724
74.8	7.48	0.76094	0.00749	0.06714
74.9	7.49	0.76161	0.0075	0.06703
75.0	7.5	0.76228	0.00751	0.06693
75.1	7.51	0.76295	0.00752	0.06682
75.2	7.52	0.76361	0.00753	0.06672
75.3	7.53	0.76428	0.00754	0.06662
75.4	7.54	0.76495	0.00755	0.06652
75.5	7.55	0.76561	0.00756	0.06641
75.6	7.56	0.76627	0.00757	0.06631
75.7	7.57	0.76693	0.00758	0.06621
75.8	7.58	0.7676	0.00759	0.06611
75.9	7.59	0.76826	0.0076	0.066
76.0	7.6	0.76891	0.00761	0.0659
76.1	7.61	0.76957	0.00762	0.0658
76.2	7.62	0.77023	0.00763	0.0657
76.3	7.63	0.77089	0.00764	0.0656
76.4	7.64	0.77154	0.00765	0.0655
76.5	7.65	0.77219	0.00766	0.0654
76.6	7.66	0.77285	0.00767	0.0653
76.7	7.67	0.7735	0.00768	0.0652
76.8	7.68	0.77415	0.00769	0.0651
76.9	7.69	0.7748	0.0077	0.065
77.0	7.7	0.77545	0.00771	0.0649
77.1	7.71	0.7761	0.00772	0.0648
77.2	7.72	0.77674	0.00773	0.0647
77.3	7.73	0.77739	0.00774	0.0646
77.4	7.74	0.77804	0.00775	0.0645
77.5	7.75	0.77868	0.00776	0.0644
77.6	7.76	0.77932	0.00777	0.0643
77.7	7.77	0.77996	0.00778	0.0642
77.8	7.78	0.78061	0.00779	0.0641
77.9	7.79	0.78125	0.0078	0.064
78.0	7.8	0.78188	0.00781	0.06391
78.1	7.81	0.78252	0.00782	0.06381
78.2	7.82	0.78316	0.00783	0.06371
78.3	7.83	0.7838	0.00784	0.06361
78.4	7.84	0.78443	0.00785	0.06352
78.5	7.85	0.78507	0.00786	0.06342
78.6	7.86	0.7857	0.00787	0.06332
78.7	7.87	0.78633	0.00788	0.06322
78.8	7.88	0.78696	0.00789	0.06313
78.9	7.89	0.78759	0.0079	0.06303
79.0	7.9	0.78822	0.00791	0.06294
79.1	7.91	0.78885	0.00792	0.06284
79.2	7.92	0.78948	0.00793	0.06274
79.3	7.93	0.7901	0.00794	0.06265
79.4	7.94	0.79073	0.00795	0.06255
79.5	7.95	0.79135	0.00796	0.06246
79.6	7.96	0.79198	0.00797	0.06236
79.7	7.97	0.7926	0.00798	0.06227
79.8	7.98	0.79322	0.00799	0.06217
79.9	7.99	0.79384	0.008	0.06208
80.0	8.0	0.79446	0.00801	0.06198
80.1	8.01	0.79508	0.00802	0.06189
80.2	8.02	0.7957	0.00803	0.06179
80.3	8.03	0.79632	0.00804	0.0617
80.4	8.04	0.79693	0.00805	0.0616
80.5	8.05	0.79755	0.00806	0.06151
80.6	8.06	0.79816	0.00807	0.06142
80.7	8.07	0.79877	0.00808	0.06132
80.8	8.08	0.79939	0.00809	0.06123
80.9	8.09	0.8	0.0081	0.06114
81.0	8.1	0.80061	0.00811	0.06104
81.1	8.11	0.80122	0.00812	0.06095
81.2	8.12	0.80183	0.00813	0.06086
81.3	8.13	0.80243	0.00814	0.06077
81.4	8.14	0.80304	0.00815	0.06067
81.5	8.15	0.80365	0.00816	0.06058
81.6	8.16	0.80425	0.00817	0.06049
81.7	8.17	0.80486	0.00818	0.0604
81.8	8.18	0.80546	0.00819	0.06031
81.9	8.19	0.80606	0.0082	0.06022
82.0	8.2	0.80666	0.00821	0.06013
82.1	8.21	0.80726	0.00822	0.06003
82.2	8.22	0.80786	0.00823	0.05994
82.3	8.23	0.80846	0.00824	0.05985
82.4	8.24	0.80906	0.00825	0.05976
82.5	8.25	0.80966	0.00826	0.05967
82.6	8.26	0.81025	0.00827	0.05958
82.7	8.27	0.81085	0.00828	0.05949
82.8	8.28	0.81144	0.00829	0.0594
82.9	8.29	0.81203	0.0083	0.05931
83.0	8.3	0.81263	0.00831	0.05922
83.1	8.31	0.81322	0.00832	0.05913
83.2	8.32	0.81381	0.00833	0.05904
83.3	8.33	0.8144	0.00834	0.05895
83.4	8.34	0.81499	0.00835	0.05887
83.5	8.35	0.81557	0.00836	0.05878
83.6	8.36	0.81616	0.00837	0.05869
83.7	8.37	0.81675	0.00838	0.0586
83.8	8.38	0.81733	0.00839	0.05851
83.9	8.39	0.81792	0.0084	0.05842
84.0	8.4	0.8185	0.00841	0.05834
84.1	8.41	0.81908	0.00842	0.05825
84.2	8.42	0.81966	0.00843	0.05816
84.3	8.43	0.82024	0.00844	0.05807
84.4	8.44	0.82082	0.00845	0.05798
84.5	8.45	0.8214	0.00846	0.0579
84.6	8.46	0.82198	0.00847	0.05781
84.7	8.47	0.82256	0.00848	0.05772
84.8	8.48	0.82313	0.00849	0.05764
84.9	8.49	0.82371	0.0085	0.05755
85.0	8.5	0.82428	0.00851	0.05746
85.1	8.51	0.82486	0.00852	0.05738
85.2	8.52	0.82543	0.00853	0.05729
85.3	8.53	0.826	0.00854	0.05721
85.4	8.54	0.82657	0.00855	0.05712
85.5	8.55	0.82714	0.00856	0.05703
85.6	8.56	0.82771	0.00857	0.05695
85.7	8.57	0.82828	0.00858	0.05686
85.8	8.58	0.82885	0.00859	0.05678
85.9	8.59	0.82942	0.0086	0.05669
86.0	8.6	0.82998	0.00861	0.05661
86.1	8.61	0.83055	0.00862	0.05652
86.2	8.62	0.83111	0.00863	0.05644
86.3	8.63	0.83168	0.00864	0.05636
86.4	8.64	0.83224	0.00865	0.05627
86.5	8.65	0.8328	0.00866	0.05619
86.6	8.66	0.83336	0.00867	0.0561
86.7	8.67	0.83392	0.00868	0.05602
86.8	8.68	0.83448	0.00869	0.05594
86.9	8.69	0.83504	0.0087	0.05585
87.0	8.7	0.8356	0.00871	0.05577
87.1	8.71	0.83615	0.00872	0.05569
87.2	8.72	0.83671	0.00873	0.0556
87.3	8.73	0.83727	0.00874	0.05552
87.4	8.74	0.83782	0.00875	0.05544
87.5	8.75	0.83837	0.00876	0.05536
87.6	8.76	0.83893	0.00877	0.05527
87.7	8.77	0.83948	0.00878	0.05519
87.8	8.78	0.84003	0.00879	0.05511
87.9	8.79	0.84058	0.0088	0.05503
88.0	8.8	0.84113	0.00881	0.05494
88.1	8.81	0.84168	0.00882	0.05486
88.2	8.82	0.84223	0.00883	0.05478
88.3	8.83	0.84277	0.00884	0.0547
88.4	8.84	0.84332	0.00885	0.05462
88.5	8.85	0.84386	0.00886	0.05454
88.6	8.86	0.84441	0.00887	0.05446
88.7	8.87	0.84495	0.00888	0.05438
88.8	8.88	0.8455	0.00889	0.0543
88.9	8.89	0.84604	0.0089	0.05422
89.0	8.9	0.84658	0.00891	0.05413
89.1	8.91	0.84712	0.00892	0.05405
89.2	8.92	0.84766	0.00893	0.05397
89.3	8.93	0.8482	0.00894	0.05389
89.4	8.94	0.84874	0.00895	0.05381
89.5	8.95	0.84927	0.00896	0.05374
89.6	8.96	0.84981	0.00897	0.05366
89.7	8.97	0.85035	0.00898	0.05358
89.8	8.98	0.85088	0.00899	0.0535
89.9	8.99	0.85142	0.009	0.05342
90.0	9.0	0.85195	0.00901	0.05334
90.1	9.01	0.85248	0.00902	0.05326
90.2	9.02	0.85301	0.00903	0.05318
90.3	9.03	0.85354	0.00904	0.0531
90.4	9.04	0.85407	0.00905	0.05303
90.5	9.05	0.8546	0.00906	0.05295
90.6	9.06	0.85513	0.00907	0.05287
90.7	9.07	0.85566	0.00908	0.05279
90.8	9.08	0.85619	0.00909	0.05271
90.9	9.09	0.85671	0.0091	0.05264
91.0	9.1	0.85724	0.00911	0.05256
91.1	9.11	0.85776	0.00912	0.05248
91.2	9.12	0.85829	0.00913	0.0524
91.3	9.13	0.85881	0.00914	0.05233
91.4	9.14	0.85933	0.00915	0.05225
91.5	9.15	0.85986	0.00916	0.05217
91.6	9.16	0.86038	0.00917	0.0521
91.7	9.17	0.8609	0.00918	0.05202
91.8	9.18	0.86142	0.00919	0.05194
91.9	9.19	0.86194	0.0092	0.05187
92.0	9.2	0.86245	0.00921	0.05179
92.1	9.21	0.86297	0.00922	0.05172
92.2	9.22	0.86349	0.00923	0.05164
92.3	9.23	0.864	0.00924	0.05156
92.4	9.24	0.86452	0.00925	0.05149
92.5	9.25	0.86503	0.00926	0.05141
92.6	9.26	0.86554	0.00927	0.05134
92.7	9.27	0.86606	0.00928	0.05126
92.8	9.28	0.86657	0.00929	0.05119
92.9	9.29	0.86708	0.0093	0.05111
93.0	9.3	0.86759	0.00931	0.05104
93.1	9.31	0.8681	0.00932	0.05096
93.2	9.32	0.86861	0.00933	0.05089
93.3	9.33	0.86912	0.00934	0.05082
93.4	9.34	0.86963	0.00935	0.05074
93.5	9.35	0.87013	0.00936	0.05067
93.6	9.36	0.87064	0.00937	0.05059
93.7	9.37	0.87114	0.00938	0.05052
93.8	9.38	0.87165	0.00939	0.05045
93.9	9.39	0.87215	0.0094	0.05037
94.0	9.4	0.87265	0.00941	0.0503
94.1	9.41	0.87316	0.00942	0.05023
94.2	9.42	0.87366	0.00943	0.05015
94.3	9.43	0.87416	0.00944	0.05008
94.4	9.44	0.87466	0.00945	0.05001
94.5	9.45	0.87516	0.00946	0.04993
94.6	9.46	0.87566	0.00947	0.04986
94.7	9.47	0.87615	0.00948	0.04979
94.8	9.48	0.87665	0.00949	0.04972
94.9	9.49	0.87715	0.0095	0.04965
95.0	9.5	0.87764	0.00951	0.04957
95.1	9.51	0.87814	0.00952	0.0495
95.2	9.52	0.87863	0.00953	0.04943
95.3	9.53	0.87913	0.00954	0.04936
95.4	9.54	0.87962	0.00955	0.04929
95.5	9.55	0.88011	0.00956	0.04922
95.6	9.56	0.8806	0.00957	0.04914
95.7	9.57	0.88109	0.00958	0.04907
95.8	9.58	0.88158	0.00959	0.049
95.9	9.59	0.88207	0.0096	0.04893
96.0	9.6	0.88256	0.00961	0.04886
96.1	9.61	0.88305	0.00962	0.04879
96.2	9.62	0.88354	0.00963	0.04872
96.3	9.63	0.88402	0.00964	0.04865
96.4	9.64	0.88451	0.00965	0.04858
96.5	9.65	0.88499	0.00966	0.04851
96.6	9.66	0.88548	0.00967	0.04844
96.7	9.67	0.88596	0.00968	0.04837
96.8	9.68	0.88645	0.00969	0.0483
96.9	9.69	0.88693	0.0097	0.04823
97.0	9.7	0.88741	0.00971	0.04816
97.1	9.71	0.88789	0.00972	0.04809
97.2	9.72	0.88837	0.00973	0.04802
97.3	9.73	0.88885	0.00974	0.04795
97.4	9.74	0.88933	0.00975	0.04788
97.5	9.75	0.88981	0.00976	0.04781
97.6	9.76	0.89028	0.00977	0.04775
97.7	9.77	0.89076	0.00978	0.04768
97.8	9.78	0.89124	0.00979	0.04761
97.9	9.79	0.89171	0.0098	0.04754
98.0	9.8	0.89219	0.00981	0.04747
98.1	9.81	0.89266	0.00982	0.0474
98.2	9.82	0.89314	0.00983	0.04734
98.3	9.83	0.89361	0.00984	0.04727
98.4	9.84	0.89408	0.00985	0.0472
98.5	9.85	0.89455	0.00986	0.04713
98.6	9.86	0.89502	0.00987	0.04707
98.7	9.87	0.89549	0.00988	0.047
98.8	9.88	0.89596	0.00989	0.04693
98.9	9.89	0.89643	0.0099	0.04686
99.0	9.9	0.8969	0.00991	0.0468
99.1	9.91	0.89736	0.00992	0.04673
99.2	9.92	0.89783	0.00993	0.04666
99.3	9.93	0.8983	0.00994	0.0466
99.4	9.94	0.89876	0.00995	0.04653
99.5	9.95	0.89923	0.00996	0.04646
99.6	9.96	0.89969	0.00997	0.0464
99.7	9.97	0.90015	0.00998	0.04633
99.8	9.98	0.90062	0.00999	0.04627
99.9	9.99	0.90108	0.01	0.0462
100.0	10.0	0.90154	0.01001	0.04613
