Time  Strain  Total stress    Spring stress Gradient
0.0	0.0	5.0e-5	1.0e-5	0.01
0.1	0.005	0.0001	1.0e-5	0.01
0.2	0.01	0.00015	2.0e-5	0.01001
0.3	0.015	0.0002	2.0e-5	0.01002
0.4	0.02	0.00025	3.0e-5	0.01004
0.5	0.025	0.0003	3.0e-5	0.01006
0.6	0.03	0.00035	4.0e-5	0.01008
0.7	0.035	0.0004	4.0e-5	0.0101
0.8	0.04	0.00045	4.0e-5	0.01013
0.9	0.045	0.0005	5.0e-5	0.01017
1.0	0.05	0.00055	6.0e-5	0.01021
1.1	0.055	0.00061	6.0e-5	0.01025
1.2	0.06	0.00066	7.0e-5	0.01029
1.3	0.065	0.00071	7.0e-5	0.01034
1.4	0.07	0.00076	8.0e-5	0.01039
1.5	0.075	0.00081	8.0e-5	0.01045
1.6	0.08	0.00087	8.0e-5	0.01051
1.7	0.085	0.00092	9.0e-5	0.01057
1.8	0.09	0.00097	0.0001	0.01064
1.9	0.095	0.00102	0.0001	0.01071
2.0	0.1	0.00108	0.0001	0.01078
2.1	0.105	0.00113	0.00011	0.01086
2.2	0.11	0.00119	0.00012	0.01094
2.3	0.115	0.00124	0.00012	0.01102
2.4	0.12	0.0013	0.00012	0.01111
2.5	0.125	0.00135	0.00013	0.0112
2.6	0.13	0.00141	0.00014	0.0113
2.7	0.135	0.00147	0.00014	0.0114
2.8	0.14	0.00153	0.00015	0.0115
2.9	0.145	0.00158	0.00015	0.01161
3.0	0.15	0.00164	0.00016	0.01171
3.1	0.155	0.0017	0.00016	0.01183
3.2	0.16	0.00176	0.00017	0.01194
3.3	0.165	0.00182	0.00017	0.01207
3.4	0.17	0.00188	0.00018	0.01219
3.5	0.175	0.00194	0.00018	0.01232
3.6	0.18	0.00201	0.00019	0.01245
3.7	0.185	0.00207	0.00019	0.01258
3.8	0.19	0.00213	0.0002	0.01272
3.9	0.195	0.0022	0.0002	0.01286
4.0	0.2	0.00226	0.00021	0.01301
4.1	0.205	0.00233	0.00021	0.01315
4.2	0.21	0.00239	0.00022	0.01331
4.3	0.215	0.00246	0.00022	0.01346
4.4	0.22	0.00253	0.00023	0.01362
4.5	0.225	0.0026	0.00023	0.01378
4.6	0.23	0.00267	0.00024	0.01395
4.7	0.235	0.00274	0.00024	0.01412
4.8	0.24	0.00281	0.00025	0.01429
4.9	0.245	0.00288	0.00025	0.01447
5.0	0.25	0.00296	0.00026	0.01465
5.1	0.255	0.00303	0.00026	0.01483
5.2	0.26	0.0031	0.00027	0.01502
5.3	0.265	0.00318	0.00027	0.01521
5.4	0.27	0.00326	0.00028	0.0154
5.5	0.275	0.00334	0.00028	0.0156
5.6	0.28	0.00341	0.00029	0.0158
5.7	0.285	0.00349	0.00029	0.016
5.8	0.29	0.00358	0.0003	0.01621
5.9	0.295	0.00366	0.0003	0.01642
6.0	0.3	0.00374	0.00031	0.01663
6.1	0.305	0.00383	0.00031	0.01685
6.2	0.31	0.00391	0.00032	0.01707
6.3	0.315	0.004	0.00032	0.01729
6.4	0.32	0.00408	0.00033	0.01752
6.5	0.325	0.00417	0.00033	0.01775
6.6	0.33	0.00426	0.00034	0.01798
6.7	0.335	0.00435	0.00034	0.01822
6.8	0.34	0.00445	0.00035	0.01846
6.9	0.345	0.00454	0.00035	0.0187
7.0	0.35	0.00463	0.00036	0.01895
7.1	0.355	0.00473	0.00036	0.0192
7.2	0.36	0.00483	0.00037	0.01945
7.3	0.365	0.00493	0.00037	0.01971
7.4	0.37	0.00503	0.00038	0.01997
7.5	0.375	0.00513	0.00038	0.02023
7.6	0.38	0.00523	0.00039	0.0205
7.7	0.385	0.00533	0.00039	0.02077
7.8	0.39	0.00544	0.0004	0.02104
7.9	0.395	0.00555	0.0004	0.02132
8.0	0.4	0.00565	0.00041	0.0216
8.1	0.405	0.00576	0.00041	0.02188
8.2	0.41	0.00587	0.00042	0.02217
8.3	0.415	0.00599	0.00042	0.02246
8.4	0.42	0.0061	0.00043	0.02275
8.5	0.425	0.00622	0.00043	0.02305
8.6	0.43	0.00633	0.00044	0.02334
8.7	0.435	0.00645	0.00044	0.02365
8.8	0.44	0.00657	0.00045	0.02395
8.9	0.445	0.00669	0.00045	0.02426
9.0	0.45	0.00681	0.00046	0.02457
9.1	0.455	0.00694	0.00046	0.02489
9.2	0.46	0.00706	0.00047	0.02521
9.3	0.465	0.00719	0.00047	0.02553
9.4	0.47	0.00732	0.00048	0.02585
9.5	0.475	0.00745	0.00048	0.02618
9.6	0.48	0.00759	0.00049	0.02651
9.7	0.485	0.00772	0.00049	0.02685
9.8	0.49	0.00786	0.0005	0.02718
9.9	0.495	0.00799	0.0005	0.02752
10.0	0.5	0.00813	0.00051	0.02787
10.1	0.505	0.00827	0.00051	0.02821
10.2	0.51	0.00842	0.00052	0.02856
10.3	0.515	0.00856	0.00052	0.02892
10.4	0.52	0.00871	0.00053	0.02927
10.5	0.525	0.00886	0.00053	0.02963
10.6	0.53	0.00901	0.00054	0.02999
10.7	0.535	0.00916	0.00054	0.03036
10.8	0.54	0.00931	0.00055	0.03073
10.9	0.545	0.00947	0.00055	0.0311
11.0	0.55	0.00962	0.00056	0.03147
11.1	0.555	0.00978	0.00056	0.03185
11.2	0.56	0.00994	0.00057	0.03223
11.3	0.565	0.01011	0.00057	0.03261
11.4	0.57	0.01027	0.00058	0.033
11.5	0.575	0.01044	0.00058	0.03339
11.6	0.58	0.01061	0.00059	0.03378
11.7	0.585	0.01078	0.00059	0.03418
11.8	0.59	0.01095	0.0006	0.03458
11.9	0.595	0.01113	0.0006	0.03498
12.0	0.6	0.0113	0.00061	0.03539
12.1	0.605	0.01148	0.00061	0.03579
12.2	0.61	0.01166	0.00062	0.0362
12.3	0.615	0.01185	0.00062	0.03662
12.4	0.62	0.01203	0.00063	0.03704
12.5	0.625	0.01222	0.00063	0.03746
12.6	0.63	0.01241	0.00064	0.03788
12.7	0.635	0.0126	0.00064	0.0383
12.8	0.64	0.01279	0.00065	0.03873
12.9	0.645	0.01299	0.00065	0.03917
13.0	0.65	0.01319	0.00066	0.0396
13.1	0.655	0.01339	0.00066	0.04004
13.2	0.66	0.01359	0.00067	0.04048
13.3	0.665	0.01379	0.00067	0.04092
13.4	0.67	0.014	0.00068	0.04137
13.5	0.675	0.01421	0.00068	0.04182
13.6	0.68	0.01442	0.00069	0.04227
13.7	0.685	0.01464	0.00069	0.04273
13.8	0.69	0.01485	0.0007	0.04319
13.9	0.695	0.01507	0.0007	0.04365
14.0	0.7	0.01529	0.00071	0.04411
14.1	0.705	0.01551	0.00071	0.04458
14.2	0.71	0.01574	0.00072	0.04505
14.3	0.715	0.01597	0.00072	0.04552
14.4	0.72	0.0162	0.00073	0.046
14.5	0.725	0.01643	0.00073	0.04648
14.6	0.73	0.01666	0.00074	0.04696
14.7	0.735	0.0169	0.00074	0.04744
14.8	0.74	0.01714	0.00075	0.04793
14.9	0.745	0.01738	0.00075	0.04842
15.0	0.75	0.01763	0.00076	0.04891
15.1	0.755	0.01787	0.00076	0.04941
15.2	0.76	0.01812	0.00077	0.04991
15.3	0.765	0.01838	0.00077	0.05041
15.4	0.77	0.01863	0.00078	0.05092
15.5	0.775	0.01889	0.00078	0.05142
15.6	0.78	0.01915	0.00079	0.05193
15.7	0.785	0.01941	0.00079	0.05245
15.8	0.79	0.01967	0.0008	0.05296
15.9	0.795	0.01994	0.0008	0.05348
16.0	0.8	0.02021	0.00081	0.054
16.1	0.805	0.02048	0.00081	0.05453
16.2	0.81	0.02076	0.00082	0.05505
16.3	0.815	0.02104	0.00082	0.05558
16.4	0.82	0.02132	0.00083	0.05612
16.5	0.825	0.0216	0.00083	0.05665
16.6	0.83	0.02189	0.00084	0.05719
16.7	0.835	0.02218	0.00084	0.05773
16.8	0.84	0.02247	0.00085	0.05828
16.9	0.845	0.02276	0.00085	0.05882
17.0	0.85	0.02306	0.00086	0.05937
17.1	0.855	0.02336	0.00086	0.05992
17.2	0.86	0.02366	0.00087	0.06048
17.3	0.865	0.02396	0.00087	0.06104
17.4	0.87	0.02427	0.00088	0.0616
17.5	0.875	0.02458	0.00088	0.06216
17.6	0.88	0.0249	0.00089	0.06272
17.7	0.885	0.02521	0.00089	0.06329
17.8	0.89	0.02553	0.0009	0.06386
17.9	0.895	0.02586	0.0009	0.06444
18.0	0.9	0.02618	0.00091	0.06502
18.1	0.905	0.02651	0.00091	0.06559
18.2	0.91	0.02684	0.00092	0.06618
18.3	0.915	0.02717	0.00092	0.06676
18.4	0.92	0.02751	0.00093	0.06735
18.5	0.925	0.02785	0.00093	0.06794
18.6	0.93	0.02819	0.00094	0.06853
18.7	0.935	0.02854	0.00094	0.06913
18.8	0.94	0.02889	0.00095	0.06973
18.9	0.945	0.02924	0.00095	0.07033
19.0	0.95	0.02959	0.00096	0.07093
19.1	0.955	0.02995	0.00096	0.07154
19.2	0.96	0.03031	0.00097	0.07215
19.3	0.965	0.03067	0.00097	0.07276
19.4	0.97	0.03104	0.00098	0.07337
19.5	0.975	0.03141	0.00098	0.07399
19.6	0.98	0.03178	0.00099	0.07461
19.7	0.985	0.03216	0.00099	0.07523
19.8	0.99	0.03254	0.001	0.07585
19.9	0.995	0.03292	0.001	0.07648
20.0	1.0	0.03331	0.00101	0.07711
20.1	1.005	0.0337	0.00101	0.07774
20.2	1.01	0.03409	0.00102	0.07838
20.3	1.015	0.03448	0.00102	0.07902
20.4	1.02	0.03488	0.00103	0.07966
20.5	1.025	0.03528	0.00103	0.0803
20.6	1.03	0.03569	0.00104	0.08094
20.7	1.035	0.0361	0.00104	0.08159
20.8	1.04	0.03651	0.00105	0.08224
20.9	1.045	0.03692	0.00105	0.0829
21.0	1.05	0.03734	0.00106	0.08355
21.1	1.055	0.03776	0.00106	0.08421
21.2	1.06	0.03819	0.00107	0.08487
21.3	1.065	0.03861	0.00107	0.08553
21.4	1.07	0.03904	0.00108	0.0862
21.5	1.075	0.03948	0.00108	0.08687
21.6	1.08	0.03992	0.00109	0.08754
21.7	1.085	0.04036	0.00109	0.08821
21.8	1.09	0.0408	0.0011	0.08889
21.9	1.095	0.04125	0.0011	0.08957
22.0	1.1	0.0417	0.00111	0.09025
22.1	1.105	0.04216	0.00111	0.09093
22.2	1.11	0.04261	0.00112	0.0916
22.3	1.115	0.04307	0.00112	0.09226
22.4	1.12	0.04354	0.00113	0.09292
22.5	1.125	0.04401	0.00113	0.09358
22.6	1.13	0.04448	0.00114	0.09423
22.7	1.135	0.04495	0.00114	0.09488
22.8	1.14	0.04543	0.00115	0.09552
22.9	1.145	0.04591	0.00115	0.09616
23.0	1.15	0.04639	0.00116	0.09679
23.1	1.155	0.04688	0.00116	0.09741
23.2	1.16	0.04737	0.00117	0.09804
23.3	1.165	0.04787	0.00117	0.09865
23.4	1.17	0.04836	0.00118	0.09927
23.5	1.175	0.04886	0.00118	0.09987
23.6	1.18	0.04936	0.00119	0.10048
23.7	1.185	0.04987	0.00119	0.10107
23.8	1.19	0.05038	0.0012	0.10167
23.9	1.195	0.05089	0.0012	0.10225
24.0	1.2	0.0514	0.00121	0.10284
24.1	1.205	0.05192	0.00121	0.10341
24.2	1.21	0.05244	0.00122	0.10399
24.3	1.215	0.05296	0.00122	0.10456
24.4	1.22	0.05349	0.00123	0.10512
24.5	1.225	0.05402	0.00123	0.10568
24.6	1.23	0.05455	0.00124	0.10623
24.7	1.235	0.05508	0.00124	0.10678
24.8	1.24	0.05562	0.00125	0.10733
24.9	1.245	0.05616	0.00125	0.10787
25.0	1.25	0.0567	0.00126	0.1084
25.1	1.255	0.05724	0.00126	0.10893
25.2	1.26	0.05779	0.00127	0.10946
25.3	1.265	0.05834	0.00127	0.10998
25.4	1.27	0.05889	0.00128	0.1105
25.5	1.275	0.05945	0.00128	0.11101
25.6	1.28	0.06001	0.00129	0.11152
25.7	1.285	0.06057	0.00129	0.11202
25.8	1.29	0.06113	0.0013	0.11252
25.9	1.295	0.06169	0.0013	0.11301
26.0	1.3	0.06226	0.00131	0.1135
26.1	1.305	0.06283	0.00131	0.11398
26.2	1.31	0.0634	0.00132	0.11446
26.3	1.315	0.06398	0.00132	0.11494
26.4	1.32	0.06456	0.00133	0.11541
26.5	1.325	0.06513	0.00133	0.11587
26.6	1.33	0.06572	0.00134	0.11633
26.7	1.335	0.0663	0.00134	0.11679
26.8	1.34	0.06689	0.00135	0.11724
26.9	1.345	0.06748	0.00135	0.11769
27.0	1.35	0.06807	0.00136	0.11813
27.1	1.355	0.06866	0.00136	0.11857
27.2	1.36	0.06925	0.00137	0.119
27.3	1.365	0.06985	0.00137	0.11943
27.4	1.37	0.07045	0.00138	0.11985
27.5	1.375	0.07105	0.00138	0.12027
27.6	1.38	0.07165	0.00139	0.12069
27.7	1.385	0.07226	0.00139	0.1211
27.8	1.39	0.07287	0.0014	0.12151
27.9	1.395	0.07348	0.0014	0.12191
28.0	1.4	0.07409	0.00141	0.1223
28.1	1.405	0.0747	0.00141	0.1227
28.2	1.41	0.07532	0.00142	0.12309
28.3	1.415	0.07594	0.00142	0.12347
28.4	1.42	0.07655	0.00143	0.12385
28.5	1.425	0.07718	0.00143	0.12422
28.6	1.43	0.0778	0.00144	0.12459
28.7	1.435	0.07842	0.00144	0.12496
28.8	1.44	0.07905	0.00145	0.12532
28.9	1.445	0.07968	0.00145	0.12568
29.0	1.45	0.08031	0.00146	0.12603
29.1	1.455	0.08094	0.00146	0.12638
29.2	1.46	0.08157	0.00147	0.12672
29.3	1.465	0.08221	0.00147	0.12706
29.4	1.47	0.08285	0.00148	0.1274
29.5	1.475	0.08349	0.00148	0.12773
29.6	1.48	0.08413	0.00149	0.12806
29.7	1.485	0.08477	0.00149	0.12838
29.8	1.49	0.08541	0.0015	0.1287
29.9	1.495	0.08606	0.0015	0.12901
30.0	1.5	0.0867	0.00151	0.12932
30.1	1.505	0.08735	0.00151	0.12962
30.2	1.51	0.088	0.00152	0.12993
30.3	1.515	0.08865	0.00152	0.13022
30.4	1.52	0.0893	0.00153	0.13051
30.5	1.525	0.08996	0.00153	0.1308
30.6	1.53	0.09061	0.00154	0.13108
30.7	1.535	0.09127	0.00154	0.13136
30.8	1.54	0.09193	0.00155	0.13164
30.9	1.545	0.09259	0.00155	0.13191
31.0	1.55	0.09325	0.00156	0.13218
31.1	1.555	0.09391	0.00156	0.13244
31.2	1.56	0.09457	0.00157	0.1327
31.3	1.565	0.09524	0.00157	0.13295
31.4	1.57	0.09591	0.00158	0.1332
31.5	1.575	0.09657	0.00158	0.13345
31.6	1.58	0.09724	0.00159	0.13369
31.7	1.585	0.09791	0.00159	0.13392
31.8	1.59	0.09858	0.0016	0.13416
31.9	1.595	0.09925	0.0016	0.13438
32.0	1.6	0.09993	0.00161	0.13461
32.1	1.605	0.1006	0.00161	0.13483
32.2	1.61	0.10128	0.00162	0.13505
32.3	1.615	0.10195	0.00162	0.13526
32.4	1.62	0.10263	0.00163	0.13547
32.5	1.625	0.10331	0.00163	0.13567
32.6	1.63	0.10399	0.00164	0.13587
32.7	1.635	0.10467	0.00164	0.13606
32.8	1.64	0.10535	0.00165	0.13626
32.9	1.645	0.10603	0.00165	0.13644
33.0	1.65	0.10671	0.00166	0.13663
33.1	1.655	0.1074	0.00166	0.1368
33.2	1.66	0.10808	0.00167	0.13698
33.3	1.665	0.10877	0.00167	0.13715
33.4	1.67	0.10945	0.00168	0.13732
33.5	1.675	0.11014	0.00168	0.13748
33.6	1.68	0.11083	0.00169	0.13764
33.7	1.685	0.11152	0.00169	0.13779
33.8	1.69	0.11221	0.0017	0.13794
33.9	1.695	0.1129	0.0017	0.13809
34.0	1.7	0.11359	0.00171	0.13823
34.1	1.705	0.11428	0.00171	0.13837
34.2	1.71	0.11498	0.00172	0.13851
34.3	1.715	0.11567	0.00172	0.13864
34.4	1.72	0.11636	0.00173	0.13876
34.5	1.725	0.11706	0.00173	0.13889
34.6	1.73	0.11775	0.00174	0.13901
34.7	1.735	0.11845	0.00174	0.13912
34.8	1.74	0.11914	0.00175	0.13923
34.9	1.745	0.11984	0.00175	0.13934
35.0	1.75	0.12054	0.00176	0.13944
35.1	1.755	0.12124	0.00176	0.13954
35.2	1.76	0.12193	0.00177	0.13963
35.3	1.765	0.12263	0.00177	0.13973
35.4	1.77	0.12333	0.00178	0.13981
35.5	1.775	0.12403	0.00178	0.1399
35.6	1.78	0.12473	0.00179	0.13998
35.7	1.785	0.12543	0.00179	0.14005
35.8	1.79	0.12613	0.0018	0.14012
35.9	1.795	0.12683	0.0018	0.14019
36.0	1.8	0.12753	0.00181	0.14025
36.1	1.805	0.12824	0.00181	0.14031
36.2	1.81	0.12894	0.00182	0.14037
36.3	1.815	0.12964	0.00182	0.14042
36.4	1.82	0.13034	0.00183	0.14047
36.5	1.825	0.13104	0.00183	0.14051
36.6	1.83	0.13175	0.00184	0.14056
36.7	1.835	0.13245	0.00184	0.14059
36.8	1.84	0.13315	0.00185	0.14063
36.9	1.845	0.13386	0.00185	0.14065
37.0	1.85	0.13456	0.00186	0.14068
37.1	1.855	0.13526	0.00186	0.1407
37.2	1.86	0.13597	0.00187	0.14072
37.3	1.865	0.13667	0.00187	0.14073
37.4	1.87	0.13737	0.00188	0.14074
37.5	1.875	0.13808	0.00188	0.14075
37.6	1.88	0.13878	0.00189	0.14075
37.7	1.885	0.13949	0.00189	0.14075
37.8	1.89	0.14019	0.0019	0.14075
37.9	1.895	0.14089	0.0019	0.14074
38.0	1.9	0.1416	0.00191	0.14073
38.1	1.905	0.1423	0.00191	0.14071
38.2	1.91	0.143	0.00192	0.14069
38.3	1.915	0.14371	0.00192	0.14067
38.4	1.92	0.14441	0.00193	0.14064
38.5	1.925	0.14511	0.00193	0.14061
38.6	1.93	0.14582	0.00194	0.14057
38.7	1.935	0.14652	0.00194	0.14054
38.8	1.94	0.14722	0.00195	0.14049
38.9	1.945	0.14792	0.00195	0.14045
39.0	1.95	0.14863	0.00196	0.1404
39.1	1.955	0.14933	0.00196	0.14035
39.2	1.96	0.15003	0.00197	0.14029
39.3	1.965	0.15073	0.00197	0.14023
39.4	1.97	0.15143	0.00198	0.14016
39.5	1.975	0.15213	0.00198	0.1401
39.6	1.98	0.15283	0.00199	0.14003
39.7	1.985	0.15353	0.00199	0.13995
39.8	1.99	0.15423	0.002	0.13987
39.9	1.995	0.15493	0.002	0.13979
40.0	2.0	0.15563	0.00201	0.13971
40.1	2.005	0.15633	0.00201	0.13962
40.2	2.01	0.15702	0.00202	0.13952
40.3	2.015	0.15772	0.00202	0.13943
40.4	2.02	0.15842	0.00203	0.13933
40.5	2.025	0.15911	0.00203	0.13922
40.6	2.03	0.15981	0.00204	0.13912
40.7	2.035	0.1605	0.00204	0.13901
40.8	2.04	0.1612	0.00205	0.13889
40.9	2.045	0.16189	0.00205	0.13877
41.0	2.05	0.16259	0.00206	0.13865
41.1	2.055	0.16328	0.00206	0.13853
41.2	2.06	0.16397	0.00206	0.1384
41.3	2.065	0.16466	0.00207	0.13827
41.4	2.07	0.16535	0.00207	0.13813
41.5	2.075	0.16604	0.00208	0.13799
41.6	2.08	0.16673	0.00208	0.13785
41.7	2.085	0.16742	0.00209	0.1377
41.8	2.09	0.16811	0.00209	0.13755
41.9	2.095	0.16879	0.0021	0.1374
42.0	2.1	0.16948	0.0021	0.13725
42.1	2.105	0.17017	0.00211	0.13709
42.2	2.11	0.17085	0.00211	0.13692
42.3	2.115	0.17153	0.00212	0.13676
42.4	2.12	0.17222	0.00212	0.13659
42.5	2.125	0.1729	0.00213	0.13641
42.6	2.13	0.17358	0.00213	0.13623
42.7	2.135	0.17426	0.00214	0.13605
42.8	2.14	0.17494	0.00214	0.13587
42.9	2.145	0.17562	0.00215	0.13568
43.0	2.15	0.1763	0.00215	0.13549
43.1	2.155	0.17697	0.00216	0.1353
43.2	2.16	0.17765	0.00216	0.1351
43.3	2.165	0.17832	0.00217	0.1349
43.4	2.17	0.179	0.00217	0.13469
43.5	2.175	0.17967	0.00218	0.13449
43.6	2.18	0.18034	0.00218	0.13428
43.7	2.185	0.18101	0.00219	0.13406
43.8	2.19	0.18168	0.00219	0.13384
43.9	2.195	0.18235	0.0022	0.13362
44.0	2.2	0.18301	0.0022	0.1334
44.1	2.205	0.18368	0.00221	0.13317
44.2	2.21	0.18434	0.00221	0.13295
44.3	2.215	0.18501	0.00222	0.13273
44.4	2.22	0.18567	0.00222	0.1325
44.5	2.225	0.18633	0.00223	0.13228
44.6	2.23	0.18699	0.00223	0.13206
44.7	2.235	0.18765	0.00224	0.13184
44.8	2.24	0.18831	0.00224	0.13162
44.9	2.245	0.18897	0.00225	0.1314
45.0	2.25	0.18962	0.00225	0.13117
45.1	2.255	0.19028	0.00226	0.13095
45.2	2.26	0.19093	0.00226	0.13073
45.3	2.265	0.19158	0.00227	0.13052
45.4	2.27	0.19224	0.00227	0.1303
45.5	2.275	0.19289	0.00228	0.13008
45.6	2.28	0.19354	0.00228	0.12986
45.7	2.285	0.19418	0.00229	0.12964
45.8	2.29	0.19483	0.00229	0.12942
45.9	2.295	0.19548	0.0023	0.12921
46.0	2.3	0.19612	0.0023	0.12899
46.1	2.305	0.19677	0.00231	0.12878
46.2	2.31	0.19741	0.00231	0.12856
46.3	2.315	0.19805	0.00232	0.12834
46.4	2.32	0.19869	0.00232	0.12813
46.5	2.325	0.19933	0.00233	0.12791
46.6	2.33	0.19997	0.00233	0.1277
46.7	2.335	0.20061	0.00234	0.12749
46.8	2.34	0.20124	0.00234	0.12727
46.9	2.345	0.20188	0.00235	0.12706
47.0	2.35	0.20251	0.00235	0.12685
47.1	2.355	0.20315	0.00236	0.12664
47.2	2.36	0.20378	0.00236	0.12642
47.3	2.365	0.20441	0.00237	0.12621
47.4	2.37	0.20504	0.00237	0.126
47.5	2.375	0.20567	0.00238	0.12579
47.6	2.38	0.2063	0.00238	0.12558
47.7	2.385	0.20692	0.00239	0.12537
47.8	2.39	0.20755	0.00239	0.12516
47.9	2.395	0.20817	0.0024	0.12495
48.0	2.4	0.2088	0.0024	0.12474
48.1	2.405	0.20942	0.00241	0.12453
48.2	2.41	0.21004	0.00241	0.12433
48.3	2.415	0.21066	0.00242	0.12412
48.4	2.42	0.21128	0.00242	0.12391
48.5	2.425	0.2119	0.00243	0.1237
48.6	2.43	0.21252	0.00243	0.1235
48.7	2.435	0.21313	0.00244	0.12329
48.8	2.44	0.21375	0.00244	0.12309
48.9	2.445	0.21436	0.00245	0.12288
49.0	2.45	0.21498	0.00245	0.12267
49.1	2.455	0.21559	0.00246	0.12247
49.2	2.46	0.2162	0.00246	0.12227
49.3	2.465	0.21681	0.00247	0.12206
49.4	2.47	0.21742	0.00247	0.12186
49.5	2.475	0.21803	0.00248	0.12165
49.6	2.48	0.21864	0.00248	0.12145
49.7	2.485	0.21924	0.00249	0.12125
49.8	2.49	0.21985	0.00249	0.12105
49.9	2.495	0.22045	0.0025	0.12085
50.0	2.5	0.22105	0.0025	0.12064
50.1	2.505	0.22166	0.00251	0.12044
50.2	2.51	0.22226	0.00251	0.12024
50.3	2.515	0.22286	0.00252	0.12004
50.4	2.52	0.22346	0.00252	0.11984
50.5	2.525	0.22406	0.00253	0.11964
50.6	2.53	0.22465	0.00253	0.11944
50.7	2.535	0.22525	0.00254	0.11925
50.8	2.54	0.22584	0.00254	0.11905
50.9	2.545	0.22644	0.00255	0.11885
51.0	2.55	0.22703	0.00255	0.11865
51.1	2.555	0.22762	0.00256	0.11845
51.2	2.56	0.22821	0.00256	0.11826
51.3	2.565	0.22881	0.00257	0.11806
51.4	2.57	0.22939	0.00257	0.11786
51.5	2.575	0.22998	0.00258	0.11767
51.6	2.58	0.23057	0.00258	0.11747
51.7	2.585	0.23116	0.00259	0.11728
51.8	2.59	0.23174	0.00259	0.11708
51.9	2.595	0.23233	0.0026	0.11689
52.0	2.6	0.23291	0.0026	0.11669
52.1	2.605	0.23349	0.00261	0.1165
52.2	2.61	0.23407	0.00261	0.11631
52.3	2.615	0.23465	0.00262	0.11611
52.4	2.62	0.23523	0.00262	0.11592
52.5	2.625	0.23581	0.00263	0.11573
52.6	2.63	0.23639	0.00263	0.11554
52.7	2.635	0.23697	0.00264	0.11534
52.8	2.64	0.23754	0.00264	0.11515
52.9	2.645	0.23812	0.00265	0.11496
53.0	2.65	0.23869	0.00265	0.11477
53.1	2.655	0.23926	0.00266	0.11458
53.2	2.66	0.23984	0.00266	0.11439
53.3	2.665	0.24041	0.00267	0.1142
53.4	2.67	0.24098	0.00267	0.11401
53.5	2.675	0.24155	0.00268	0.11382
53.6	2.68	0.24211	0.00268	0.11363
53.7	2.685	0.24268	0.00269	0.11345
53.8	2.69	0.24325	0.00269	0.11326
53.9	2.695	0.24381	0.0027	0.11307
54.0	2.7	0.24438	0.0027	0.11288
54.1	2.705	0.24494	0.00271	0.1127
54.2	2.71	0.2455	0.00271	0.11251
54.3	2.715	0.24607	0.00272	0.11232
54.4	2.72	0.24663	0.00272	0.11214
54.5	2.725	0.24719	0.00273	0.11195
54.6	2.73	0.24774	0.00273	0.11177
54.7	2.735	0.2483	0.00274	0.11158
54.8	2.74	0.24886	0.00274	0.1114
54.9	2.745	0.24942	0.00275	0.11121
55.0	2.75	0.24997	0.00275	0.11103
55.1	2.755	0.25053	0.00276	0.11085
55.2	2.76	0.25108	0.00276	0.11066
55.3	2.765	0.25163	0.00277	0.11048
55.4	2.77	0.25218	0.00277	0.1103
55.5	2.775	0.25273	0.00278	0.11012
55.6	2.78	0.25328	0.00278	0.10993
55.7	2.785	0.25383	0.00279	0.10975
55.8	2.79	0.25438	0.00279	0.10957
55.9	2.795	0.25493	0.0028	0.10939
56.0	2.8	0.25547	0.0028	0.10921
56.1	2.805	0.25602	0.00281	0.10903
56.2	2.81	0.25656	0.00281	0.10885
56.3	2.815	0.25711	0.00282	0.10867
56.4	2.82	0.25765	0.00282	0.10849
56.5	2.825	0.25819	0.00283	0.10831
56.6	2.83	0.25873	0.00283	0.10813
56.7	2.835	0.25927	0.00284	0.10795
56.8	2.84	0.25981	0.00284	0.10778
56.9	2.845	0.26035	0.00285	0.1076
57.0	2.85	0.26088	0.00285	0.10742
57.1	2.855	0.26142	0.00286	0.10724
57.2	2.86	0.26196	0.00286	0.10707
57.3	2.865	0.26249	0.00287	0.10689
57.4	2.87	0.26302	0.00287	0.10672
57.5	2.875	0.26356	0.00288	0.10654
57.6	2.88	0.26409	0.00288	0.10636
57.7	2.885	0.26462	0.00289	0.10619
57.8	2.89	0.26515	0.00289	0.10602
57.9	2.895	0.26568	0.0029	0.10584
58.0	2.9	0.26621	0.0029	0.10567
58.1	2.905	0.26673	0.00291	0.10549
58.2	2.91	0.26726	0.00291	0.10532
58.3	2.915	0.26779	0.00292	0.10515
58.4	2.92	0.26831	0.00292	0.10497
58.5	2.925	0.26883	0.00293	0.1048
58.6	2.93	0.26936	0.00293	0.10463
58.7	2.935	0.26988	0.00294	0.10446
58.8	2.94	0.2704	0.00294	0.10429
58.9	2.945	0.27092	0.00295	0.10411
59.0	2.95	0.27144	0.00295	0.10394
59.1	2.955	0.27196	0.00296	0.10377
59.2	2.96	0.27248	0.00296	0.1036
59.3	2.965	0.273	0.00297	0.10343
59.4	2.97	0.27351	0.00297	0.10326
59.5	2.975	0.27403	0.00298	0.10309
59.6	2.98	0.27454	0.00298	0.10292
59.7	2.985	0.27506	0.00299	0.10275
59.8	2.99	0.27557	0.00299	0.10259
59.9	2.995	0.27608	0.003	0.10242
60.0	3.0	0.27659	0.003	0.10225
60.1	3.005	0.2771	0.00301	0.10208
60.2	3.01	0.27761	0.00301	0.10192
60.3	3.015	0.27812	0.00302	0.10175
60.4	3.02	0.27863	0.00302	0.10158
60.5	3.025	0.27914	0.00303	0.10142
60.6	3.03	0.27964	0.00303	0.10125
60.7	3.035	0.28015	0.00304	0.10108
60.8	3.04	0.28065	0.00304	0.10092
60.9	3.045	0.28116	0.00305	0.10075
61.0	3.05	0.28166	0.00305	0.10059
61.1	3.055	0.28216	0.00306	0.10042
61.2	3.06	0.28266	0.00306	0.10026
61.3	3.065	0.28316	0.00307	0.1001
61.4	3.07	0.28366	0.00307	0.09993
61.5	3.075	0.28416	0.00308	0.09977
61.6	3.08	0.28466	0.00308	0.09961
61.7	3.085	0.28516	0.00309	0.09944
61.8	3.09	0.28565	0.00309	0.09928
61.9	3.095	0.28615	0.0031	0.09912
62.0	3.1	0.28664	0.0031	0.09896
62.1	3.105	0.28714	0.00311	0.09879
62.2	3.11	0.28763	0.00311	0.09863
62.3	3.115	0.28812	0.00312	0.09847
62.4	3.12	0.28861	0.00312	0.09831
62.5	3.125	0.28911	0.00313	0.09815
62.6	3.13	0.2896	0.00313	0.09799
62.7	3.135	0.29008	0.00314	0.09783
62.8	3.14	0.29057	0.00314	0.09767
62.9	3.145	0.29106	0.00315	0.09751
63.0	3.15	0.29155	0.00315	0.09735
63.1	3.155	0.29203	0.00316	0.09719
63.2	3.16	0.29252	0.00316	0.09704
63.3	3.165	0.293	0.00317	0.09688
63.4	3.17	0.29349	0.00317	0.09672
63.5	3.175	0.29397	0.00318	0.09656
63.6	3.18	0.29445	0.00318	0.09641
63.7	3.185	0.29493	0.00319	0.09625
63.8	3.19	0.29541	0.00319	0.09609
63.9	3.195	0.29589	0.0032	0.09594
64.0	3.2	0.29637	0.0032	0.09578
64.1	3.205	0.29685	0.00321	0.09562
64.2	3.21	0.29733	0.00321	0.09547
64.3	3.215	0.2978	0.00322	0.09531
64.4	3.22	0.29828	0.00322	0.09516
64.5	3.225	0.29875	0.00323	0.095
64.6	3.23	0.29923	0.00323	0.09485
64.7	3.235	0.2997	0.00324	0.09469
64.8	3.24	0.30017	0.00324	0.09454
64.9	3.245	0.30065	0.00325	0.09439
65.0	3.25	0.30112	0.00325	0.09423
65.1	3.255	0.30159	0.00326	0.09408
65.2	3.26	0.30206	0.00326	0.09393
65.3	3.265	0.30253	0.00327	0.09378
65.4	3.27	0.30299	0.00327	0.09362
65.5	3.275	0.30346	0.00328	0.09347
65.6	3.28	0.30393	0.00328	0.09332
65.7	3.285	0.30439	0.00329	0.09317
65.8	3.29	0.30486	0.00329	0.09302
65.9	3.295	0.30532	0.0033	0.09287
66.0	3.3	0.30579	0.0033	0.09272
66.1	3.305	0.30625	0.00331	0.09257
66.2	3.31	0.30671	0.00331	0.09242
66.3	3.315	0.30717	0.00332	0.09227
66.4	3.32	0.30763	0.00332	0.09212
66.5	3.325	0.30809	0.00333	0.09197
66.6	3.33	0.30855	0.00333	0.09182
66.7	3.335	0.30901	0.00334	0.09167
66.8	3.34	0.30947	0.00334	0.09152
66.9	3.345	0.30993	0.00335	0.09137
67.0	3.35	0.31038	0.00335	0.09123
67.1	3.355	0.31084	0.00336	0.09108
67.2	3.36	0.31129	0.00336	0.09093
67.3	3.365	0.31175	0.00337	0.09078
67.4	3.37	0.3122	0.00337	0.09064
67.5	3.375	0.31265	0.00338	0.09049
67.6	3.38	0.3131	0.00338	0.09034
67.7	3.385	0.31355	0.00339	0.0902
67.8	3.39	0.314	0.00339	0.09005
67.9	3.395	0.31445	0.0034	0.08991
68.0	3.4	0.3149	0.0034	0.08976
68.1	3.405	0.31535	0.00341	0.08962
68.2	3.41	0.3158	0.00341	0.08947
68.3	3.415	0.31625	0.00342	0.08933
68.4	3.42	0.31669	0.00342	0.08918
68.5	3.425	0.31714	0.00343	0.08904
68.6	3.43	0.31758	0.00343	0.0889
68.7	3.435	0.31802	0.00344	0.08875
68.8	3.44	0.31847	0.00344	0.08861
68.9	3.445	0.31891	0.00345	0.08847
69.0	3.45	0.31935	0.00345	0.08833
69.1	3.455	0.31979	0.00346	0.08818
69.2	3.46	0.32023	0.00346	0.08804
69.3	3.465	0.32067	0.00347	0.0879
69.4	3.47	0.32111	0.00347	0.08776
69.5	3.475	0.32155	0.00348	0.08762
69.6	3.48	0.32199	0.00348	0.08748
69.7	3.485	0.32242	0.00349	0.08733
69.8	3.49	0.32286	0.00349	0.08719
69.9	3.495	0.32329	0.0035	0.08705
70.0	3.5	0.32373	0.0035	0.08691
70.1	3.505	0.32416	0.00351	0.08677
70.2	3.51	0.3246	0.00351	0.08663
70.3	3.515	0.32503	0.00352	0.0865
70.4	3.52	0.32546	0.00352	0.08636
70.5	3.525	0.32589	0.00353	0.08622
70.6	3.53	0.32632	0.00353	0.08608
70.7	3.535	0.32675	0.00354	0.08594
70.8	3.54	0.32718	0.00354	0.0858
70.9	3.545	0.32761	0.00355	0.08567
71.0	3.55	0.32804	0.00355	0.08553
71.1	3.555	0.32846	0.00356	0.08539
71.2	3.56	0.32889	0.00356	0.08525
71.3	3.565	0.32932	0.00357	0.08512
71.4	3.57	0.32974	0.00357	0.08498
71.5	3.575	0.33016	0.00358	0.08484
71.6	3.58	0.33059	0.00358	0.08471
71.7	3.585	0.33101	0.00359	0.08457
71.8	3.59	0.33143	0.00359	0.08444
71.9	3.595	0.33185	0.0036	0.0843
72.0	3.6	0.33228	0.0036	0.08417
72.1	3.605	0.3327	0.00361	0.08403
72.2	3.61	0.33312	0.00361	0.0839
72.3	3.615	0.33353	0.00362	0.08376
72.4	3.62	0.33395	0.00362	0.08363
72.5	3.625	0.33437	0.00363	0.0835
72.6	3.63	0.33479	0.00363	0.08336
72.7	3.635	0.3352	0.00364	0.08323
72.8	3.64	0.33562	0.00364	0.0831
72.9	3.645	0.33603	0.00365	0.08296
73.0	3.65	0.33645	0.00365	0.08283
73.1	3.655	0.33686	0.00366	0.0827
73.2	3.66	0.33727	0.00366	0.08257
73.3	3.665	0.33769	0.00367	0.08243
73.4	3.67	0.3381	0.00367	0.0823
73.5	3.675	0.33851	0.00368	0.08217
73.6	3.68	0.33892	0.00368	0.08204
73.7	3.685	0.33933	0.00369	0.08191
73.8	3.69	0.33974	0.00369	0.08178
73.9	3.695	0.34014	0.0037	0.08165
74.0	3.7	0.34055	0.0037	0.08152
74.1	3.705	0.34096	0.00371	0.08139
74.2	3.71	0.34137	0.00371	0.08126
74.3	3.715	0.34177	0.00372	0.08113
74.4	3.72	0.34218	0.00372	0.081
74.5	3.725	0.34258	0.00373	0.08087
74.6	3.73	0.34298	0.00373	0.08074
74.7	3.735	0.34339	0.00374	0.08061
74.8	3.74	0.34379	0.00374	0.08049
74.9	3.745	0.34419	0.00375	0.08036
75.0	3.75	0.34459	0.00375	0.08023
75.1	3.755	0.34499	0.00376	0.0801
75.2	3.76	0.34539	0.00376	0.07998
75.3	3.765	0.34579	0.00377	0.07985
75.4	3.77	0.34619	0.00377	0.07972
75.5	3.775	0.34659	0.00378	0.07959
75.6	3.78	0.34699	0.00378	0.07947
75.7	3.785	0.34738	0.00379	0.07934
75.8	3.79	0.34778	0.00379	0.07922
75.9	3.795	0.34817	0.0038	0.07909
76.0	3.8	0.34857	0.0038	0.07896
76.1	3.805	0.34896	0.00381	0.07884
76.2	3.81	0.34936	0.00381	0.07871
76.3	3.815	0.34975	0.00382	0.07859
76.4	3.82	0.35014	0.00382	0.07846
76.5	3.825	0.35053	0.00383	0.07834
76.6	3.83	0.35093	0.00383	0.07822
76.7	3.835	0.35132	0.00384	0.07809
76.8	3.84	0.35171	0.00384	0.07797
76.9	3.845	0.35209	0.00385	0.07785
77.0	3.85	0.35248	0.00385	0.07772
77.1	3.855	0.35287	0.00386	0.0776
77.2	3.86	0.35326	0.00386	0.07748
77.3	3.865	0.35365	0.00387	0.07735
77.4	3.87	0.35403	0.00387	0.07723
77.5	3.875	0.35442	0.00388	0.07711
77.6	3.88	0.3548	0.00388	0.07699
77.7	3.885	0.35519	0.00389	0.07687
77.8	3.89	0.35557	0.00389	0.07674
77.9	3.895	0.35595	0.0039	0.07662
78.0	3.9	0.35634	0.0039	0.0765
78.1	3.905	0.35672	0.00391	0.07638
78.2	3.91	0.3571	0.00391	0.07626
78.3	3.915	0.35748	0.00392	0.07614
78.4	3.92	0.35786	0.00392	0.07602
78.5	3.925	0.35824	0.00393	0.0759
78.6	3.93	0.35862	0.00393	0.07578
78.7	3.935	0.359	0.00394	0.07566
78.8	3.94	0.35937	0.00394	0.07554
78.9	3.945	0.35975	0.00395	0.07542
79.0	3.95	0.36013	0.00395	0.0753
79.1	3.955	0.3605	0.00396	0.07519
79.2	3.96	0.36088	0.00396	0.07507
79.3	3.965	0.36125	0.00397	0.07495
79.4	3.97	0.36163	0.00397	0.07483
79.5	3.975	0.362	0.00398	0.07471
79.6	3.98	0.36237	0.00398	0.0746
79.7	3.985	0.36275	0.00399	0.07448
79.8	3.99	0.36312	0.00399	0.07436
79.9	3.995	0.36349	0.004	0.07424
80.0	4.0	0.36386	0.004	0.07413
80.1	4.005	0.36423	0.00401	0.07401
80.2	4.01	0.3646	0.00401	0.07389
80.3	4.015	0.36497	0.00402	0.07378
80.4	4.02	0.36534	0.00402	0.07366
80.5	4.025	0.36571	0.00403	0.07355
80.6	4.03	0.36607	0.00403	0.07343
80.7	4.035	0.36644	0.00404	0.07332
80.8	4.04	0.3668	0.00404	0.0732
80.9	4.045	0.36717	0.00405	0.07309
81.0	4.05	0.36754	0.00405	0.07297
81.1	4.055	0.3679	0.00406	0.07286
81.2	4.06	0.36826	0.00406	0.07274
81.3	4.065	0.36863	0.00407	0.07263
81.4	4.07	0.36899	0.00407	0.07252
81.5	4.075	0.36935	0.00408	0.0724
81.6	4.08	0.36971	0.00408	0.07229
81.7	4.085	0.37007	0.00409	0.07218
81.8	4.09	0.37043	0.00409	0.07206
81.9	4.095	0.37079	0.0041	0.07195
82.0	4.1	0.37115	0.0041	0.07184
82.1	4.105	0.37151	0.00411	0.07172
82.2	4.11	0.37187	0.00411	0.07161
82.3	4.115	0.37223	0.00412	0.0715
82.4	4.12	0.37258	0.00412	0.07139
82.5	4.125	0.37294	0.00413	0.07128
82.6	4.13	0.3733	0.00413	0.07117
82.7	4.135	0.37365	0.00414	0.07106
82.8	4.14	0.37401	0.00414	0.07094
82.9	4.145	0.37436	0.00415	0.07083
83.0	4.15	0.37471	0.00415	0.07072
83.1	4.155	0.37507	0.00416	0.07061
83.2	4.16	0.37542	0.00416	0.0705
83.3	4.165	0.37577	0.00417	0.07039
83.4	4.17	0.37612	0.00417	0.07028
83.5	4.175	0.37647	0.00418	0.07017
83.6	4.18	0.37682	0.00418	0.07006
83.7	4.185	0.37717	0.00419	0.06996
83.8	4.19	0.37752	0.00419	0.06985
83.9	4.195	0.37787	0.0042	0.06974
84.0	4.2	0.37822	0.0042	0.06963
84.1	4.205	0.37857	0.00421	0.06952
84.2	4.21	0.37891	0.00421	0.06941
84.3	4.215	0.37926	0.00422	0.0693
84.4	4.22	0.37961	0.00422	0.0692
84.5	4.225	0.37995	0.00423	0.06909
84.6	4.23	0.3803	0.00423	0.06898
84.7	4.235	0.38064	0.00424	0.06887
84.8	4.24	0.38099	0.00424	0.06877
84.9	4.245	0.38133	0.00425	0.06866
85.0	4.25	0.38167	0.00425	0.06855
85.1	4.255	0.38201	0.00426	0.06845
85.2	4.26	0.38236	0.00426	0.06834
85.3	4.265	0.3827	0.00427	0.06824
85.4	4.27	0.38304	0.00427	0.06813
85.5	4.275	0.38338	0.00428	0.06802
85.6	4.28	0.38372	0.00428	0.06792
85.7	4.285	0.38406	0.00429	0.06781
85.8	4.29	0.38439	0.00429	0.06771
85.9	4.295	0.38473	0.0043	0.0676
86.0	4.3	0.38507	0.0043	0.0675
86.1	4.305	0.38541	0.00431	0.0674
86.2	4.31	0.38574	0.00431	0.06729
86.3	4.315	0.38608	0.00432	0.06719
86.4	4.32	0.38641	0.00432	0.06708
86.5	4.325	0.38675	0.00433	0.06698
86.6	4.33	0.38708	0.00433	0.06688
86.7	4.335	0.38742	0.00434	0.06677
86.8	4.34	0.38775	0.00434	0.06667
86.9	4.345	0.38808	0.00435	0.06657
87.0	4.35	0.38842	0.00435	0.06646
87.1	4.355	0.38875	0.00436	0.06636
87.2	4.36	0.38908	0.00436	0.06626
87.3	4.365	0.38941	0.00437	0.06616
87.4	4.37	0.38974	0.00437	0.06605
87.5	4.375	0.39007	0.00438	0.06595
87.6	4.38	0.3904	0.00438	0.06585
87.7	4.385	0.39073	0.00439	0.06575
87.8	4.39	0.39106	0.00439	0.06565
87.9	4.395	0.39138	0.0044	0.06555
88.0	4.4	0.39171	0.0044	0.06545
88.1	4.405	0.39204	0.00441	0.06535
88.2	4.41	0.39236	0.00441	0.06524
88.3	4.415	0.39269	0.00442	0.06514
88.4	4.42	0.39302	0.00442	0.06504
88.5	4.425	0.39334	0.00443	0.06494
88.6	4.43	0.39366	0.00443	0.06484
88.7	4.435	0.39399	0.00444	0.06475
88.8	4.44	0.39431	0.00444	0.06465
88.9	4.445	0.39463	0.00445	0.06455
89.0	4.45	0.39496	0.00445	0.06445
89.1	4.455	0.39528	0.00446	0.06435
89.2	4.46	0.3956	0.00446	0.06425
89.3	4.465	0.39592	0.00447	0.06415
89.4	4.47	0.39624	0.00447	0.06405
89.5	4.475	0.39656	0.00448	0.06395
89.6	4.48	0.39688	0.00448	0.06386
89.7	4.485	0.3972	0.00449	0.06376
89.8	4.49	0.39752	0.00449	0.06366
89.9	4.495	0.39783	0.0045	0.06356
90.0	4.5	0.39815	0.0045	0.06347
90.1	4.505	0.39847	0.00451	0.06337
90.2	4.51	0.39878	0.00451	0.06327
90.3	4.515	0.3991	0.00452	0.06318
90.4	4.52	0.39942	0.00452	0.06308
90.5	4.525	0.39973	0.00453	0.06298
90.6	4.53	0.40005	0.00453	0.06289
90.7	4.535	0.40036	0.00454	0.06279
90.8	4.54	0.40067	0.00454	0.06269
90.9	4.545	0.40099	0.00455	0.0626
91.0	4.55	0.4013	0.00455	0.0625
91.1	4.555	0.40161	0.00456	0.06241
91.2	4.56	0.40192	0.00456	0.06231
91.3	4.565	0.40223	0.00457	0.06222
91.4	4.57	0.40254	0.00457	0.06212
91.5	4.575	0.40285	0.00458	0.06203
91.6	4.58	0.40316	0.00458	0.06193
91.7	4.585	0.40347	0.00459	0.06184
91.8	4.59	0.40378	0.00459	0.06174
91.9	4.595	0.40409	0.0046	0.06165
92.0	4.6	0.4044	0.0046	0.06156
92.1	4.605	0.4047	0.00461	0.06146
92.2	4.61	0.40501	0.00461	0.06137
92.3	4.615	0.40532	0.00462	0.06128
92.4	4.62	0.40562	0.00462	0.06118
92.5	4.625	0.40593	0.00463	0.06109
92.6	4.63	0.40623	0.00463	0.061
92.7	4.635	0.40654	0.00464	0.0609
92.8	4.64	0.40684	0.00464	0.06081
92.9	4.645	0.40715	0.00465	0.06072
93.0	4.65	0.40745	0.00465	0.06063
93.1	4.655	0.40775	0.00466	0.06054
93.2	4.66	0.40805	0.00466	0.06044
93.3	4.665	0.40836	0.00467	0.06035
93.4	4.67	0.40866	0.00467	0.06026
93.5	4.675	0.40896	0.00468	0.06017
93.6	4.68	0.40926	0.00468	0.06008
93.7	4.685	0.40956	0.00469	0.05999
93.8	4.69	0.40986	0.00469	0.0599
93.9	4.695	0.41016	0.0047	0.05981
94.0	4.7	0.41046	0.0047	0.05972
94.1	4.705	0.41075	0.00471	0.05963
94.2	4.71	0.41105	0.00471	0.05954
94.3	4.715	0.41135	0.00472	0.05945
94.4	4.72	0.41165	0.00472	0.05936
94.5	4.725	0.41194	0.00473	0.05927
94.6	4.73	0.41224	0.00473	0.05918
94.7	4.735	0.41253	0.00474	0.05909
94.8	4.74	0.41283	0.00474	0.059
94.9	4.745	0.41312	0.00475	0.05891
95.0	4.75	0.41342	0.00475	0.05882
95.1	4.755	0.41371	0.00476	0.05873
95.2	4.76	0.414	0.00476	0.05864
95.3	4.765	0.4143	0.00477	0.05855
95.4	4.77	0.41459	0.00477	0.05847
95.5	4.775	0.41488	0.00478	0.05838
95.6	4.78	0.41517	0.00478	0.05829
95.7	4.785	0.41546	0.00479	0.0582
95.8	4.79	0.41575	0.00479	0.05812
95.9	4.795	0.41604	0.0048	0.05803
96.0	4.8	0.41633	0.0048	0.05794
96.1	4.805	0.41662	0.00481	0.05785
96.2	4.81	0.41691	0.00481	0.05777
96.3	4.815	0.4172	0.00482	0.05768
96.4	4.82	0.41749	0.00482	0.05759
96.5	4.825	0.41778	0.00483	0.05751
96.6	4.83	0.41806	0.00483	0.05742
96.7	4.835	0.41835	0.00484	0.05733
96.8	4.84	0.41864	0.00484	0.05725
96.9	4.845	0.41892	0.00485	0.05716
97.0	4.85	0.41921	0.00485	0.05708
97.1	4.855	0.41949	0.00486	0.05699
97.2	4.86	0.41978	0.00486	0.05691
97.3	4.865	0.42006	0.00487	0.05682
97.4	4.87	0.42034	0.00487	0.05674
97.5	4.875	0.42063	0.00488	0.05665
97.6	4.88	0.42091	0.00488	0.05657
97.7	4.885	0.42119	0.00489	0.05648
97.8	4.89	0.42147	0.00489	0.0564
97.9	4.895	0.42176	0.0049	0.05631
98.0	4.9	0.42204	0.0049	0.05623
98.1	4.905	0.42232	0.00491	0.05614
98.2	4.91	0.4226	0.00491	0.05606
98.3	4.915	0.42288	0.00492	0.05598
98.4	4.92	0.42316	0.00492	0.05589
98.5	4.925	0.42344	0.00493	0.05581
98.6	4.93	0.42372	0.00493	0.05573
98.7	4.935	0.42399	0.00494	0.05564
98.8	4.94	0.42427	0.00494	0.05556
98.9	4.945	0.42455	0.00495	0.05548
99.0	4.95	0.42483	0.00495	0.0554
99.1	4.955	0.4251	0.00496	0.05531
99.2	4.96	0.42538	0.00496	0.05523
99.3	4.965	0.42565	0.00497	0.05515
99.4	4.97	0.42593	0.00497	0.05507
99.5	4.975	0.4262	0.00498	0.05498
99.6	4.98	0.42648	0.00498	0.0549
99.7	4.985	0.42675	0.00499	0.05482
99.8	4.99	0.42703	0.00499	0.05474
99.9	4.995	0.4273	0.005	0.05466
100.0	5.0	0.42757	0.005	0.05458
100.1	5.005	0.42785	0.00501	0.0545
100.2	5.01	0.42812	0.00501	0.05442
100.3	5.015	0.42839	0.00502	0.05434
100.4	5.02	0.42866	0.00502	0.05425
100.5	5.025	0.42893	0.00503	0.05417
100.6	5.03	0.4292	0.00503	0.05409
100.7	5.035	0.42947	0.00504	0.05401
100.8	5.04	0.42974	0.00504	0.05393
100.9	5.045	0.43001	0.00505	0.05385
101.0	5.05	0.43028	0.00505	0.05377
101.1	5.055	0.43055	0.00506	0.05369
101.2	5.06	0.43082	0.00506	0.05362
101.3	5.065	0.43108	0.00507	0.05354
101.4	5.07	0.43135	0.00507	0.05346
101.5	5.075	0.43162	0.00508	0.05338
101.6	5.08	0.43188	0.00508	0.0533
101.7	5.085	0.43215	0.00509	0.05322
101.8	5.09	0.43242	0.00509	0.05314
101.9	5.095	0.43268	0.0051	0.05306
102.0	5.1	0.43295	0.0051	0.05299
102.1	5.105	0.43321	0.00511	0.05291
102.2	5.11	0.43348	0.00511	0.05283
102.3	5.115	0.43374	0.00512	0.05275
102.4	5.12	0.434	0.00512	0.05267
102.5	5.125	0.43427	0.00513	0.0526
102.6	5.13	0.43453	0.00513	0.05252
102.7	5.135	0.43479	0.00514	0.05244
102.8	5.14	0.43505	0.00514	0.05237
102.9	5.145	0.43531	0.00515	0.05229
103.0	5.15	0.43557	0.00515	0.05221
103.1	5.155	0.43584	0.00516	0.05213
103.2	5.16	0.4361	0.00516	0.05206
103.3	5.165	0.43636	0.00517	0.05198
103.4	5.17	0.43662	0.00517	0.05191
103.5	5.175	0.43687	0.00518	0.05183
103.6	5.18	0.43713	0.00518	0.05175
103.7	5.185	0.43739	0.00519	0.05168
103.8	5.19	0.43765	0.00519	0.0516
103.9	5.195	0.43791	0.0052	0.05153
104.0	5.2	0.43816	0.0052	0.05145
104.1	5.205	0.43842	0.00521	0.05138
104.2	5.21	0.43868	0.00521	0.0513
104.3	5.215	0.43893	0.00522	0.05123
104.4	5.22	0.43919	0.00522	0.05115
104.5	5.225	0.43944	0.00523	0.05108
104.6	5.23	0.4397	0.00523	0.051
104.7	5.235	0.43995	0.00524	0.05093
104.8	5.24	0.44021	0.00524	0.05085
104.9	5.245	0.44046	0.00525	0.05078
105.0	5.25	0.44072	0.00525	0.0507
105.1	5.255	0.44097	0.00526	0.05063
105.2	5.26	0.44122	0.00526	0.05056
105.3	5.265	0.44147	0.00527	0.05048
105.4	5.27	0.44173	0.00527	0.05041
105.5	5.275	0.44198	0.00528	0.05034
105.6	5.28	0.44223	0.00528	0.05026
105.7	5.285	0.44248	0.00529	0.05019
105.8	5.29	0.44273	0.00529	0.05012
105.9	5.295	0.44298	0.0053	0.05004
106.0	5.3	0.44323	0.0053	0.04997
106.1	5.305	0.44348	0.00531	0.0499
106.2	5.31	0.44373	0.00531	0.04983
106.3	5.315	0.44398	0.00532	0.04975
106.4	5.32	0.44423	0.00532	0.04968
106.5	5.325	0.44447	0.00533	0.04961
106.6	5.33	0.44472	0.00533	0.04954
106.7	5.335	0.44497	0.00534	0.04946
106.8	5.34	0.44522	0.00534	0.04939
106.9	5.345	0.44546	0.00535	0.04932
107.0	5.35	0.44571	0.00535	0.04925
107.1	5.355	0.44596	0.00536	0.04918
107.2	5.36	0.4462	0.00536	0.04911
107.3	5.365	0.44645	0.00537	0.04904
107.4	5.37	0.44669	0.00537	0.04897
107.5	5.375	0.44694	0.00538	0.0489
107.6	5.38	0.44718	0.00538	0.04882
107.7	5.385	0.44742	0.00539	0.04875
107.8	5.39	0.44767	0.00539	0.04868
107.9	5.395	0.44791	0.0054	0.04861
108.0	5.4	0.44815	0.0054	0.04854
108.1	5.405	0.4484	0.00541	0.04847
108.2	5.41	0.44864	0.00541	0.0484
108.3	5.415	0.44888	0.00542	0.04833
108.4	5.42	0.44912	0.00542	0.04826
108.5	5.425	0.44936	0.00543	0.04819
108.6	5.43	0.4496	0.00543	0.04812
108.7	5.435	0.44984	0.00544	0.04806
108.8	5.44	0.45008	0.00544	0.04799
108.9	5.445	0.45032	0.00545	0.04792
109.0	5.45	0.45056	0.00545	0.04785
109.1	5.455	0.4508	0.00546	0.04778
109.2	5.46	0.45104	0.00546	0.04771
109.3	5.465	0.45128	0.00547	0.04764
109.4	5.47	0.45151	0.00547	0.04757
109.5	5.475	0.45175	0.00548	0.04751
109.6	5.48	0.45199	0.00548	0.04744
109.7	5.485	0.45223	0.00549	0.04737
109.8	5.49	0.45246	0.00549	0.0473
109.9	5.495	0.4527	0.0055	0.04723
110.0	5.5	0.45293	0.0055	0.04717
110.1	5.505	0.45317	0.00551	0.0471
110.2	5.51	0.45341	0.00551	0.04703
110.3	5.515	0.45364	0.00552	0.04696
110.4	5.52	0.45387	0.00552	0.0469
110.5	5.525	0.45411	0.00553	0.04683
110.6	5.53	0.45434	0.00553	0.04676
110.7	5.535	0.45458	0.00554	0.0467
110.8	5.54	0.45481	0.00554	0.04663
110.9	5.545	0.45504	0.00555	0.04656
111.0	5.55	0.45527	0.00555	0.0465
111.1	5.555	0.45551	0.00556	0.04643
111.2	5.56	0.45574	0.00556	0.04636
111.3	5.565	0.45597	0.00557	0.0463
111.4	5.57	0.4562	0.00557	0.04623
111.5	5.575	0.45643	0.00558	0.04617
111.6	5.58	0.45666	0.00558	0.0461
111.7	5.585	0.45689	0.00559	0.04604
111.8	5.59	0.45712	0.00559	0.04597
111.9	5.595	0.45735	0.0056	0.0459
112.0	5.6	0.45758	0.0056	0.04584
112.1	5.605	0.45781	0.00561	0.04577
112.2	5.61	0.45804	0.00561	0.04571
112.3	5.615	0.45827	0.00562	0.04564
112.4	5.62	0.45849	0.00562	0.04558
112.5	5.625	0.45872	0.00563	0.04552
112.6	5.63	0.45895	0.00563	0.04545
112.7	5.635	0.45918	0.00564	0.04539
112.8	5.64	0.4594	0.00564	0.04532
112.9	5.645	0.45963	0.00565	0.04526
113.0	5.65	0.45986	0.00565	0.04519
113.1	5.655	0.46008	0.00566	0.04513
113.2	5.66	0.46031	0.00566	0.04507
113.3	5.665	0.46053	0.00567	0.045
113.4	5.67	0.46076	0.00567	0.04494
113.5	5.675	0.46098	0.00568	0.04488
113.6	5.68	0.4612	0.00568	0.04481
113.7	5.685	0.46143	0.00569	0.04475
113.8	5.69	0.46165	0.00569	0.04469
113.9	5.695	0.46187	0.0057	0.04462
114.0	5.7	0.4621	0.0057	0.04456
114.1	5.705	0.46232	0.00571	0.0445
114.2	5.71	0.46254	0.00571	0.04443
114.3	5.715	0.46276	0.00572	0.04437
114.4	5.72	0.46299	0.00572	0.04431
114.5	5.725	0.46321	0.00573	0.04425
114.6	5.73	0.46343	0.00573	0.04418
114.7	5.735	0.46365	0.00574	0.04412
114.8	5.74	0.46387	0.00574	0.04406
114.9	5.745	0.46409	0.00575	0.044
115.0	5.75	0.46431	0.00575	0.04394
115.1	5.755	0.46453	0.00576	0.04388
115.2	5.76	0.46475	0.00576	0.04381
115.3	5.765	0.46497	0.00577	0.04375
115.4	5.77	0.46518	0.00577	0.04369
115.5	5.775	0.4654	0.00578	0.04363
115.6	5.78	0.46562	0.00578	0.04357
115.7	5.785	0.46584	0.00579	0.04351
115.8	5.79	0.46605	0.00579	0.04345
115.9	5.795	0.46627	0.0058	0.04339
116.0	5.8	0.46649	0.0058	0.04333
116.1	5.805	0.4667	0.00581	0.04326
116.2	5.81	0.46692	0.00581	0.0432
116.3	5.815	0.46714	0.00582	0.04314
116.4	5.82	0.46735	0.00582	0.04308
116.5	5.825	0.46757	0.00583	0.04302
116.6	5.83	0.46778	0.00583	0.04296
116.7	5.835	0.468	0.00584	0.0429
116.8	5.84	0.46821	0.00584	0.04284
116.9	5.845	0.46842	0.00585	0.04278
117.0	5.85	0.46864	0.00585	0.04273
117.1	5.855	0.46885	0.00586	0.04267
117.2	5.86	0.46906	0.00586	0.04261
117.3	5.865	0.46928	0.00587	0.04255
117.4	5.87	0.46949	0.00587	0.04249
117.5	5.875	0.4697	0.00588	0.04243
117.6	5.88	0.46991	0.00588	0.04237
117.7	5.885	0.47012	0.00589	0.04231
117.8	5.89	0.47034	0.00589	0.04225
117.9	5.895	0.47055	0.0059	0.04219
118.0	5.9	0.47076	0.0059	0.04214
118.1	5.905	0.47097	0.00591	0.04208
118.2	5.91	0.47118	0.00591	0.04202
118.3	5.915	0.47139	0.00592	0.04196
118.4	5.92	0.4716	0.00592	0.0419
118.5	5.925	0.47181	0.00593	0.04184
118.6	5.93	0.47202	0.00593	0.04179
118.7	5.935	0.47222	0.00594	0.04173
118.8	5.94	0.47243	0.00594	0.04167
118.9	5.945	0.47264	0.00595	0.04161
119.0	5.95	0.47285	0.00595	0.04156
119.1	5.955	0.47306	0.00596	0.0415
119.2	5.96	0.47326	0.00596	0.04144
119.3	5.965	0.47347	0.00597	0.04138
119.4	5.97	0.47368	0.00597	0.04133
119.5	5.975	0.47388	0.00598	0.04127
119.6	5.98	0.47409	0.00598	0.04121
119.7	5.985	0.4743	0.00599	0.04116
119.8	5.99	0.4745	0.00599	0.0411
119.9	5.995	0.47471	0.006	0.04104
120.0	6.0	0.47491	0.006	0.04099
120.1	6.005	0.47512	0.00601	0.04093
120.2	6.01	0.47532	0.00601	0.04088
120.3	6.015	0.47552	0.00602	0.04082
120.4	6.02	0.47573	0.00602	0.04076
120.5	6.025	0.47593	0.00603	0.04071
120.6	6.03	0.47613	0.00603	0.04065
120.7	6.035	0.47634	0.00604	0.0406
120.8	6.04	0.47654	0.00604	0.04054
120.9	6.045	0.47674	0.00605	0.04048
121.0	6.05	0.47694	0.00605	0.04043
121.1	6.055	0.47715	0.00606	0.04037
121.2	6.06	0.47735	0.00606	0.04032
121.3	6.065	0.47755	0.00607	0.04026
121.4	6.07	0.47775	0.00607	0.04021
121.5	6.075	0.47795	0.00608	0.04015
121.6	6.08	0.47815	0.00608	0.0401
121.7	6.085	0.47835	0.00609	0.04004
121.8	6.09	0.47855	0.00609	0.03999
121.9	6.095	0.47875	0.0061	0.03994
122.0	6.1	0.47895	0.0061	0.03988
122.1	6.105	0.47915	0.00611	0.03983
122.2	6.11	0.47935	0.00611	0.03977
122.3	6.115	0.47955	0.00612	0.03972
122.4	6.12	0.47975	0.00612	0.03966
122.5	6.125	0.47994	0.00613	0.03961
122.6	6.13	0.48014	0.00613	0.03956
122.7	6.135	0.48034	0.00614	0.0395
122.8	6.14	0.48054	0.00614	0.03945
122.9	6.145	0.48073	0.00615	0.0394
123.0	6.15	0.48093	0.00615	0.03934
123.1	6.155	0.48113	0.00616	0.03929
123.2	6.16	0.48132	0.00616	0.03924
123.3	6.165	0.48152	0.00617	0.03918
123.4	6.17	0.48171	0.00617	0.03913
123.5	6.175	0.48191	0.00618	0.03908
123.6	6.18	0.48211	0.00618	0.03902
123.7	6.185	0.4823	0.00619	0.03897
123.8	6.19	0.48249	0.00619	0.03892
123.9	6.195	0.48269	0.0062	0.03887
124.0	6.2	0.48288	0.0062	0.03881
124.1	6.205	0.48308	0.00621	0.03876
124.2	6.21	0.48327	0.00621	0.03871
124.3	6.215	0.48346	0.00622	0.03866
124.4	6.22	0.48366	0.00622	0.03861
124.5	6.225	0.48385	0.00623	0.03855
124.6	6.23	0.48404	0.00623	0.0385
124.7	6.235	0.48423	0.00624	0.03845
124.8	6.24	0.48443	0.00624	0.0384
124.9	6.245	0.48462	0.00625	0.03835
125.0	6.25	0.48481	0.00625	0.0383
125.1	6.255	0.485	0.00626	0.03824
125.2	6.26	0.48519	0.00626	0.03819
125.3	6.265	0.48538	0.00627	0.03814
125.4	6.27	0.48557	0.00627	0.03809
125.5	6.275	0.48576	0.00628	0.03804
125.6	6.28	0.48595	0.00628	0.03799
125.7	6.285	0.48614	0.00629	0.03794
125.8	6.29	0.48633	0.00629	0.03789
125.9	6.295	0.48652	0.0063	0.03784
126.0	6.3	0.48671	0.0063	0.03779
126.1	6.305	0.4869	0.00631	0.03773
126.2	6.31	0.48709	0.00631	0.03768
126.3	6.315	0.48728	0.00632	0.03763
126.4	6.32	0.48746	0.00632	0.03758
126.5	6.325	0.48765	0.00633	0.03753
126.6	6.33	0.48784	0.00633	0.03748
126.7	6.335	0.48803	0.00634	0.03743
126.8	6.34	0.48821	0.00634	0.03738
126.9	6.345	0.4884	0.00635	0.03733
127.0	6.35	0.48859	0.00635	0.03728
127.1	6.355	0.48877	0.00636	0.03724
127.2	6.36	0.48896	0.00636	0.03719
127.3	6.365	0.48914	0.00637	0.03714
127.4	6.37	0.48933	0.00637	0.03709
127.5	6.375	0.48951	0.00638	0.03704
127.6	6.38	0.4897	0.00638	0.03699
127.7	6.385	0.48988	0.00639	0.03694
127.8	6.39	0.49007	0.00639	0.03689
127.9	6.395	0.49025	0.0064	0.03684
128.0	6.4	0.49044	0.0064	0.03679
128.1	6.405	0.49062	0.00641	0.03674
128.2	6.41	0.4908	0.00641	0.0367
128.3	6.415	0.49099	0.00642	0.03665
128.4	6.42	0.49117	0.00642	0.0366
128.5	6.425	0.49135	0.00643	0.03655
128.6	6.43	0.49153	0.00643	0.0365
128.7	6.435	0.49172	0.00644	0.03645
128.8	6.44	0.4919	0.00644	0.03641
128.9	6.445	0.49208	0.00645	0.03636
129.0	6.45	0.49226	0.00645	0.03631
129.1	6.455	0.49244	0.00646	0.03626
129.2	6.46	0.49262	0.00646	0.03621
129.3	6.465	0.49281	0.00647	0.03617
129.4	6.47	0.49299	0.00647	0.03612
129.5	6.475	0.49317	0.00648	0.03607
129.6	6.48	0.49335	0.00648	0.03602
129.7	6.485	0.49353	0.00649	0.03598
129.8	6.49	0.49371	0.00649	0.03593
129.9	6.495	0.49389	0.0065	0.03588
130.0	6.5	0.49406	0.0065	0.03584
130.1	6.505	0.49424	0.00651	0.03579
130.2	6.51	0.49442	0.00651	0.03574
130.3	6.515	0.4946	0.00652	0.0357
130.4	6.52	0.49478	0.00652	0.03565
130.5	6.525	0.49496	0.00653	0.0356
130.6	6.53	0.49514	0.00653	0.03556
130.7	6.535	0.49531	0.00654	0.03551
130.8	6.54	0.49549	0.00654	0.03546
130.9	6.545	0.49567	0.00655	0.03542
131.0	6.55	0.49584	0.00655	0.03537
131.1	6.555	0.49602	0.00656	0.03532
131.2	6.56	0.4962	0.00656	0.03528
131.3	6.565	0.49637	0.00657	0.03523
131.4	6.57	0.49655	0.00657	0.03519
131.5	6.575	0.49672	0.00658	0.03514
131.6	6.58	0.4969	0.00658	0.0351
131.7	6.585	0.49708	0.00659	0.03505
131.8	6.59	0.49725	0.00659	0.035
131.9	6.595	0.49743	0.0066	0.03496
132.0	6.6	0.4976	0.0066	0.03491
132.1	6.605	0.49777	0.00661	0.03487
132.2	6.61	0.49795	0.00661	0.03482
132.3	6.615	0.49812	0.00662	0.03478
132.4	6.62	0.4983	0.00662	0.03473
132.5	6.625	0.49847	0.00663	0.03469
132.6	6.63	0.49864	0.00663	0.03464
132.7	6.635	0.49882	0.00664	0.0346
132.8	6.64	0.49899	0.00664	0.03455
132.9	6.645	0.49916	0.00665	0.03451
133.0	6.65	0.49933	0.00665	0.03446
133.1	6.655	0.49951	0.00666	0.03442
133.2	6.66	0.49968	0.00666	0.03438
133.3	6.665	0.49985	0.00667	0.03433
133.4	6.67	0.50002	0.00667	0.03429
133.5	6.675	0.50019	0.00668	0.03424
133.6	6.68	0.50036	0.00668	0.0342
133.7	6.685	0.50053	0.00669	0.03416
133.8	6.69	0.5007	0.00669	0.03411
133.9	6.695	0.50087	0.0067	0.03407
134.0	6.7	0.50104	0.0067	0.03402
134.1	6.705	0.50121	0.00671	0.03398
134.2	6.71	0.50138	0.00671	0.03394
134.3	6.715	0.50155	0.00672	0.03389
134.4	6.72	0.50172	0.00672	0.03385
134.5	6.725	0.50189	0.00673	0.03381
134.6	6.73	0.50206	0.00673	0.03376
134.7	6.735	0.50223	0.00674	0.03372
134.8	6.74	0.5024	0.00674	0.03368
134.9	6.745	0.50257	0.00675	0.03363
135.0	6.75	0.50273	0.00675	0.03359
135.1	6.755	0.5029	0.00676	0.03355
135.2	6.76	0.50307	0.00676	0.03351
135.3	6.765	0.50324	0.00677	0.03346
135.4	6.77	0.5034	0.00677	0.03342
135.5	6.775	0.50357	0.00678	0.03338
135.6	6.78	0.50374	0.00678	0.03334
135.7	6.785	0.5039	0.00679	0.03329
135.8	6.79	0.50407	0.00679	0.03325
135.9	6.795	0.50424	0.0068	0.03321
136.0	6.8	0.5044	0.0068	0.03317
136.1	6.805	0.50457	0.00681	0.03312
136.2	6.81	0.50473	0.00681	0.03308
136.3	6.815	0.5049	0.00682	0.03304
136.4	6.82	0.50506	0.00682	0.033
136.5	6.825	0.50523	0.00683	0.03296
136.6	6.83	0.50539	0.00683	0.03291
136.7	6.835	0.50556	0.00684	0.03287
136.8	6.84	0.50572	0.00684	0.03283
136.9	6.845	0.50588	0.00685	0.03279
137.0	6.85	0.50605	0.00685	0.03275
137.1	6.855	0.50621	0.00686	0.03271
137.2	6.86	0.50638	0.00686	0.03267
137.3	6.865	0.50654	0.00687	0.03262
137.4	6.87	0.5067	0.00687	0.03258
137.5	6.875	0.50686	0.00688	0.03254
137.6	6.88	0.50703	0.00688	0.0325
137.7	6.885	0.50719	0.00689	0.03246
137.8	6.89	0.50735	0.00689	0.03242
137.9	6.895	0.50751	0.0069	0.03238
138.0	6.9	0.50767	0.0069	0.03234
138.1	6.905	0.50784	0.00691	0.0323
138.2	6.91	0.508	0.00691	0.03226
138.3	6.915	0.50816	0.00692	0.03222
138.4	6.92	0.50832	0.00692	0.03218
138.5	6.925	0.50848	0.00693	0.03214
138.6	6.93	0.50864	0.00693	0.0321
138.7	6.935	0.5088	0.00694	0.03206
138.8	6.94	0.50896	0.00694	0.03202
138.9	6.945	0.50912	0.00695	0.03198
139.0	6.95	0.50928	0.00695	0.03194
139.1	6.955	0.50944	0.00696	0.0319
139.2	6.96	0.5096	0.00696	0.03186
139.3	6.965	0.50976	0.00697	0.03182
139.4	6.97	0.50992	0.00697	0.03178
139.5	6.975	0.51008	0.00698	0.03174
139.6	6.98	0.51023	0.00698	0.0317
139.7	6.985	0.51039	0.00699	0.03166
139.8	6.99	0.51055	0.00699	0.03162
139.9	6.995	0.51071	0.007	0.03158
140.0	7.0	0.51087	0.007	0.03154
140.1	7.005	0.51102	0.00701	0.0315
140.2	7.01	0.51118	0.00701	0.03146
140.3	7.015	0.51134	0.00702	0.03142
140.4	7.02	0.51149	0.00702	0.03138
140.5	7.025	0.51165	0.00703	0.03135
140.6	7.03	0.51181	0.00703	0.03131
140.7	7.035	0.51196	0.00704	0.03127
140.8	7.04	0.51212	0.00704	0.03123
140.9	7.045	0.51228	0.00705	0.03119
141.0	7.05	0.51243	0.00705	0.03115
141.1	7.055	0.51259	0.00706	0.03111
141.2	7.06	0.51274	0.00706	0.03108
141.3	7.065	0.5129	0.00707	0.03104
141.4	7.07	0.51305	0.00707	0.031
141.5	7.075	0.51321	0.00708	0.03096
141.6	7.08	0.51336	0.00708	0.03092
141.7	7.085	0.51352	0.00709	0.03089
141.8	7.09	0.51367	0.00709	0.03085
141.9	7.095	0.51383	0.0071	0.03081
142.0	7.1	0.51398	0.0071	0.03077
142.1	7.105	0.51413	0.00711	0.03073
142.2	7.11	0.51429	0.00711	0.0307
142.3	7.115	0.51444	0.00712	0.03066
142.4	7.12	0.51459	0.00712	0.03062
142.5	7.125	0.51475	0.00713	0.03058
142.6	7.13	0.5149	0.00713	0.03055
142.7	7.135	0.51505	0.00714	0.03051
142.8	7.14	0.5152	0.00714	0.03047
142.9	7.145	0.51536	0.00715	0.03043
143.0	7.15	0.51551	0.00715	0.0304
143.1	7.155	0.51566	0.00716	0.03036
143.2	7.16	0.51581	0.00716	0.03032
143.3	7.165	0.51596	0.00717	0.03029
143.4	7.17	0.51611	0.00717	0.03025
143.5	7.175	0.51626	0.00718	0.03021
143.6	7.18	0.51642	0.00718	0.03018
143.7	7.185	0.51657	0.00719	0.03014
143.8	7.19	0.51672	0.00719	0.0301
143.9	7.195	0.51687	0.0072	0.03007
144.0	7.2	0.51702	0.0072	0.03003
144.1	7.205	0.51717	0.00721	0.02999
144.2	7.21	0.51732	0.00721	0.02996
144.3	7.215	0.51747	0.00722	0.02992
144.4	7.22	0.51762	0.00722	0.02988
144.5	7.225	0.51777	0.00723	0.02985
144.6	7.23	0.51791	0.00723	0.02981
144.7	7.235	0.51806	0.00724	0.02978
144.8	7.24	0.51821	0.00724	0.02974
144.9	7.245	0.51836	0.00725	0.0297
145.0	7.25	0.51851	0.00725	0.02967
145.1	7.255	0.51866	0.00726	0.02963
145.2	7.26	0.51881	0.00726	0.0296
145.3	7.265	0.51895	0.00727	0.02956
145.4	7.27	0.5191	0.00727	0.02953
145.5	7.275	0.51925	0.00728	0.02949
145.6	7.28	0.5194	0.00728	0.02946
145.7	7.285	0.51954	0.00729	0.02942
145.8	7.29	0.51969	0.00729	0.02939
145.9	7.295	0.51984	0.0073	0.02935
146.0	7.3	0.51998	0.0073	0.02931
146.1	7.305	0.52013	0.00731	0.02928
146.2	7.31	0.52028	0.00731	0.02924
146.3	7.315	0.52042	0.00732	0.02921
146.4	7.32	0.52057	0.00732	0.02917
146.5	7.325	0.52071	0.00733	0.02914
146.6	7.33	0.52086	0.00733	0.02911
146.7	7.335	0.521	0.00734	0.02907
146.8	7.34	0.52115	0.00734	0.02904
146.9	7.345	0.52129	0.00735	0.029
147.0	7.35	0.52144	0.00735	0.02897
147.1	7.355	0.52158	0.00736	0.02893
147.2	7.36	0.52173	0.00736	0.0289
147.3	7.365	0.52187	0.00737	0.02886
147.4	7.37	0.52202	0.00737	0.02883
147.5	7.375	0.52216	0.00738	0.0288
147.6	7.38	0.5223	0.00738	0.02876
147.7	7.385	0.52245	0.00739	0.02873
147.8	7.39	0.52259	0.00739	0.02869
147.9	7.395	0.52273	0.0074	0.02866
148.0	7.4	0.52288	0.0074	0.02862
148.1	7.405	0.52302	0.00741	0.02859
148.2	7.41	0.52316	0.00741	0.02856
148.3	7.415	0.52331	0.00742	0.02852
148.4	7.42	0.52345	0.00742	0.02849
148.5	7.425	0.52359	0.00743	0.02846
148.6	7.43	0.52373	0.00743	0.02842
148.7	7.435	0.52387	0.00744	0.02839
148.8	7.44	0.52402	0.00744	0.02836
148.9	7.445	0.52416	0.00745	0.02832
149.0	7.45	0.5243	0.00745	0.02829
149.1	7.455	0.52444	0.00746	0.02826
149.2	7.46	0.52458	0.00746	0.02822
149.3	7.465	0.52472	0.00747	0.02819
149.4	7.47	0.52486	0.00747	0.02816
149.5	7.475	0.525	0.00748	0.02812
149.6	7.48	0.52515	0.00748	0.02809
149.7	7.485	0.52529	0.00749	0.02806
149.8	7.49	0.52543	0.00749	0.02803
149.9	7.495	0.52557	0.0075	0.02799
150.0	7.5	0.52571	0.0075	0.02796
150.1	7.505	0.52584	0.00751	0.02793
150.2	7.51	0.52598	0.00751	0.02789
150.3	7.515	0.52612	0.00752	0.02786
150.4	7.52	0.52626	0.00752	0.02783
150.5	7.525	0.5264	0.00753	0.0278
150.6	7.53	0.52654	0.00753	0.02777
150.7	7.535	0.52668	0.00754	0.02773
150.8	7.54	0.52682	0.00754	0.0277
150.9	7.545	0.52696	0.00755	0.02767
151.0	7.55	0.52709	0.00755	0.02764
151.1	7.555	0.52723	0.00756	0.0276
151.2	7.56	0.52737	0.00756	0.02757
151.3	7.565	0.52751	0.00757	0.02754
151.4	7.57	0.52765	0.00757	0.02751
151.5	7.575	0.52778	0.00758	0.02748
151.6	7.58	0.52792	0.00758	0.02744
151.7	7.585	0.52806	0.00759	0.02741
151.8	7.59	0.52819	0.00759	0.02738
151.9	7.595	0.52833	0.0076	0.02735
152.0	7.6	0.52847	0.0076	0.02732
152.1	7.605	0.5286	0.00761	0.02729
152.2	7.61	0.52874	0.00761	0.02726
152.3	7.615	0.52888	0.00762	0.02722
152.4	7.62	0.52901	0.00762	0.02719
152.5	7.625	0.52915	0.00763	0.02716
152.6	7.63	0.52928	0.00763	0.02713
152.7	7.635	0.52942	0.00764	0.0271
152.8	7.64	0.52955	0.00764	0.02707
152.9	7.645	0.52969	0.00765	0.02704
153.0	7.65	0.52982	0.00765	0.02701
153.1	7.655	0.52996	0.00766	0.02698
153.2	7.66	0.53009	0.00766	0.02694
153.3	7.665	0.53023	0.00767	0.02691
153.4	7.67	0.53036	0.00767	0.02688
153.5	7.675	0.5305	0.00768	0.02685
153.6	7.68	0.53063	0.00768	0.02682
153.7	7.685	0.53077	0.00769	0.02679
153.8	7.69	0.5309	0.00769	0.02676
153.9	7.695	0.53103	0.0077	0.02673
154.0	7.7	0.53117	0.0077	0.0267
154.1	7.705	0.5313	0.00771	0.02667
154.2	7.71	0.53143	0.00771	0.02664
154.3	7.715	0.53157	0.00772	0.02661
154.4	7.72	0.5317	0.00772	0.02658
154.5	7.725	0.53183	0.00773	0.02655
154.6	7.73	0.53196	0.00773	0.02652
154.7	7.735	0.5321	0.00774	0.02649
154.8	7.74	0.53223	0.00774	0.02646
154.9	7.745	0.53236	0.00775	0.02643
155.0	7.75	0.53249	0.00775	0.0264
155.1	7.755	0.53263	0.00776	0.02637
155.2	7.76	0.53276	0.00776	0.02634
155.3	7.765	0.53289	0.00777	0.02631
155.4	7.77	0.53302	0.00777	0.02628
155.5	7.775	0.53315	0.00778	0.02625
155.6	7.78	0.53328	0.00778	0.02622
155.7	7.785	0.53341	0.00779	0.02619
155.8	7.79	0.53354	0.00779	0.02616
155.9	7.795	0.53367	0.0078	0.02613
156.0	7.8	0.53381	0.0078	0.0261
156.1	7.805	0.53394	0.00781	0.02607
156.2	7.81	0.53407	0.00781	0.02605
156.3	7.815	0.5342	0.00782	0.02602
156.4	7.82	0.53433	0.00782	0.02599
156.5	7.825	0.53446	0.00783	0.02596
156.6	7.83	0.53459	0.00783	0.02593
156.7	7.835	0.53471	0.00784	0.0259
156.8	7.84	0.53484	0.00784	0.02587
156.9	7.845	0.53497	0.00785	0.02584
157.0	7.85	0.5351	0.00785	0.02581
157.1	7.855	0.53523	0.00786	0.02578
157.2	7.86	0.53536	0.00786	0.02576
157.3	7.865	0.53549	0.00787	0.02573
157.4	7.87	0.53562	0.00787	0.0257
157.5	7.875	0.53575	0.00788	0.02567
157.6	7.88	0.53587	0.00788	0.02564
157.7	7.885	0.536	0.00789	0.02561
157.8	7.89	0.53613	0.00789	0.02559
157.9	7.895	0.53626	0.0079	0.02556
158.0	7.9	0.53639	0.0079	0.02553
158.1	7.905	0.53651	0.00791	0.0255
158.2	7.91	0.53664	0.00791	0.02547
158.3	7.915	0.53677	0.00792	0.02544
158.4	7.92	0.53689	0.00792	0.02542
158.5	7.925	0.53702	0.00793	0.02539
158.6	7.93	0.53715	0.00793	0.02536
158.7	7.935	0.53727	0.00794	0.02533
158.8	7.94	0.5374	0.00794	0.0253
158.9	7.945	0.53753	0.00795	0.02528
159.0	7.95	0.53765	0.00795	0.02525
159.1	7.955	0.53778	0.00796	0.02522
159.2	7.96	0.53791	0.00796	0.02519
159.3	7.965	0.53803	0.00797	0.02517
159.4	7.97	0.53816	0.00797	0.02514
159.5	7.975	0.53828	0.00798	0.02511
159.6	7.98	0.53841	0.00798	0.02508
159.7	7.985	0.53853	0.00799	0.02506
159.8	7.99	0.53866	0.00799	0.02503
159.9	7.995	0.53878	0.008	0.025
160.0	8.0	0.53891	0.008	0.02497
160.1	8.005	0.53903	0.00801	0.02495
160.2	8.01	0.53916	0.00801	0.02492
160.3	8.015	0.53928	0.00802	0.02489
160.4	8.02	0.53941	0.00802	0.02487
160.5	8.025	0.53953	0.00803	0.02484
160.6	8.03	0.53965	0.00803	0.02481
160.7	8.035	0.53978	0.00804	0.02478
160.8	8.04	0.5399	0.00804	0.02476
160.9	8.045	0.54003	0.00805	0.02473
161.0	8.05	0.54015	0.00805	0.0247
161.1	8.055	0.54027	0.00806	0.02468
161.2	8.06	0.5404	0.00806	0.02465
161.3	8.065	0.54052	0.00807	0.02462
161.4	8.07	0.54064	0.00807	0.0246
161.5	8.075	0.54077	0.00808	0.02457
161.6	8.08	0.54089	0.00808	0.02454
161.7	8.085	0.54101	0.00809	0.02452
161.8	8.09	0.54113	0.00809	0.02449
161.9	8.095	0.54126	0.0081	0.02447
162.0	8.1	0.54138	0.0081	0.02444
162.1	8.105	0.5415	0.00811	0.02441
162.2	8.11	0.54162	0.00811	0.02439
162.3	8.115	0.54174	0.00812	0.02436
162.4	8.12	0.54187	0.00812	0.02433
162.5	8.125	0.54199	0.00813	0.02431
162.6	8.13	0.54211	0.00813	0.02428
162.7	8.135	0.54223	0.00814	0.02426
162.8	8.14	0.54235	0.00814	0.02423
162.9	8.145	0.54247	0.00815	0.02421
163.0	8.15	0.54259	0.00815	0.02418
163.1	8.155	0.54271	0.00816	0.02415
163.2	8.16	0.54283	0.00816	0.02413
163.3	8.165	0.54295	0.00817	0.0241
163.4	8.17	0.54307	0.00817	0.02408
163.5	8.175	0.5432	0.00818	0.02405
163.6	8.18	0.54332	0.00818	0.02403
163.7	8.185	0.54344	0.00819	0.024
163.8	8.19	0.54356	0.00819	0.02397
163.9	8.195	0.54367	0.0082	0.02395
164.0	8.2	0.54379	0.0082	0.02392
164.1	8.205	0.54391	0.00821	0.0239
164.2	8.21	0.54403	0.00821	0.02387
164.3	8.215	0.54415	0.00822	0.02385
164.4	8.22	0.54427	0.00822	0.02382
164.5	8.225	0.54439	0.00823	0.0238
164.6	8.23	0.54451	0.00823	0.02377
164.7	8.235	0.54463	0.00824	0.02375
164.8	8.24	0.54475	0.00824	0.02372
164.9	8.245	0.54487	0.00825	0.0237
165.0	8.25	0.54498	0.00825	0.02367
165.1	8.255	0.5451	0.00826	0.02365
165.2	8.26	0.54522	0.00826	0.02362
165.3	8.265	0.54534	0.00827	0.0236
165.4	8.27	0.54546	0.00827	0.02357
165.5	8.275	0.54557	0.00828	0.02355
165.6	8.28	0.54569	0.00828	0.02352
165.7	8.285	0.54581	0.00829	0.0235
165.8	8.29	0.54593	0.00829	0.02348
165.9	8.295	0.54604	0.0083	0.02345
166.0	8.3	0.54616	0.0083	0.02343
166.1	8.305	0.54628	0.00831	0.0234
166.2	8.31	0.54639	0.00831	0.02338
166.3	8.315	0.54651	0.00832	0.02335
166.4	8.32	0.54663	0.00832	0.02333
166.5	8.325	0.54674	0.00833	0.02331
166.6	8.33	0.54686	0.00833	0.02328
166.7	8.335	0.54698	0.00834	0.02326
166.8	8.34	0.54709	0.00834	0.02323
166.9	8.345	0.54721	0.00835	0.02321
167.0	8.35	0.54733	0.00835	0.02318
167.1	8.355	0.54744	0.00836	0.02316
167.2	8.36	0.54756	0.00836	0.02314
167.3	8.365	0.54767	0.00837	0.02311
167.4	8.37	0.54779	0.00837	0.02309
167.5	8.375	0.5479	0.00838	0.02307
167.6	8.38	0.54802	0.00838	0.02304
167.7	8.385	0.54813	0.00839	0.02302
167.8	8.39	0.54825	0.00839	0.02299
167.9	8.395	0.54836	0.0084	0.02297
168.0	8.4	0.54848	0.0084	0.02295
168.1	8.405	0.54859	0.00841	0.02292
168.2	8.41	0.54871	0.00841	0.0229
168.3	8.415	0.54882	0.00842	0.02288
168.4	8.42	0.54894	0.00842	0.02285
168.5	8.425	0.54905	0.00843	0.02283
168.6	8.43	0.54916	0.00843	0.02281
168.7	8.435	0.54928	0.00844	0.02278
168.8	8.44	0.54939	0.00844	0.02276
168.9	8.445	0.54951	0.00845	0.02274
169.0	8.45	0.54962	0.00845	0.02271
169.1	8.455	0.54973	0.00846	0.02269
169.2	8.46	0.54985	0.00846	0.02267
169.3	8.465	0.54996	0.00847	0.02264
169.4	8.47	0.55007	0.00847	0.02262
169.5	8.475	0.55019	0.00848	0.0226
169.6	8.48	0.5503	0.00848	0.02258
169.7	8.485	0.55041	0.00849	0.02255
169.8	8.49	0.55052	0.00849	0.02253
169.9	8.495	0.55064	0.0085	0.02251
170.0	8.5	0.55075	0.0085	0.02248
170.1	8.505	0.55086	0.00851	0.02246
170.2	8.51	0.55097	0.00851	0.02244
170.3	8.515	0.55108	0.00852	0.02242
170.4	8.52	0.5512	0.00852	0.02239
170.5	8.525	0.55131	0.00853	0.02237
170.6	8.53	0.55142	0.00853	0.02235
170.7	8.535	0.55153	0.00854	0.02233
170.8	8.54	0.55164	0.00854	0.0223
170.9	8.545	0.55175	0.00855	0.02228
171.0	8.55	0.55187	0.00855	0.02226
171.1	8.555	0.55198	0.00856	0.02224
171.2	8.56	0.55209	0.00856	0.02222
171.3	8.565	0.5522	0.00857	0.02219
171.4	8.57	0.55231	0.00857	0.02217
171.5	8.575	0.55242	0.00858	0.02215
171.6	8.58	0.55253	0.00858	0.02213
171.7	8.585	0.55264	0.00859	0.0221
171.8	8.59	0.55275	0.00859	0.02208
171.9	8.595	0.55286	0.0086	0.02206
172.0	8.6	0.55297	0.0086	0.02204
172.1	8.605	0.55308	0.00861	0.02202
172.2	8.61	0.55319	0.00861	0.022
172.3	8.615	0.5533	0.00862	0.02197
172.4	8.62	0.55341	0.00862	0.02195
172.5	8.625	0.55352	0.00863	0.02193
172.6	8.63	0.55363	0.00863	0.02191
172.7	8.635	0.55374	0.00864	0.02189
172.8	8.64	0.55385	0.00864	0.02187
172.9	8.645	0.55396	0.00865	0.02184
173.0	8.65	0.55407	0.00865	0.02182
173.1	8.655	0.55418	0.00866	0.0218
173.2	8.66	0.55429	0.00866	0.02178
173.3	8.665	0.5544	0.00867	0.02176
173.4	8.67	0.5545	0.00867	0.02174
173.5	8.675	0.55461	0.00868	0.02171
173.6	8.68	0.55472	0.00868	0.02169
173.7	8.685	0.55483	0.00869	0.02167
173.8	8.69	0.55494	0.00869	0.02165
173.9	8.695	0.55505	0.0087	0.02163
174.0	8.7	0.55515	0.0087	0.02161
174.1	8.705	0.55526	0.00871	0.02159
174.2	8.71	0.55537	0.00871	0.02157
174.3	8.715	0.55548	0.00872	0.02155
174.4	8.72	0.55559	0.00872	0.02152
174.5	8.725	0.55569	0.00873	0.0215
174.6	8.73	0.5558	0.00873	0.02148
174.7	8.735	0.55591	0.00874	0.02146
174.8	8.74	0.55601	0.00874	0.02144
174.9	8.745	0.55612	0.00875	0.02142
175.0	8.75	0.55623	0.00875	0.0214
175.1	8.755	0.55634	0.00876	0.02138
175.2	8.76	0.55644	0.00876	0.02136
175.3	8.765	0.55655	0.00877	0.02134
175.4	8.77	0.55666	0.00877	0.02132
175.5	8.775	0.55676	0.00878	0.0213
175.6	8.78	0.55687	0.00878	0.02128
175.7	8.785	0.55698	0.00879	0.02126
175.8	8.79	0.55708	0.00879	0.02124
175.9	8.795	0.55719	0.0088	0.02121
176.0	8.8	0.55729	0.0088	0.02119
176.1	8.805	0.5574	0.00881	0.02117
176.2	8.81	0.55751	0.00881	0.02115
176.3	8.815	0.55761	0.00882	0.02113
176.4	8.82	0.55772	0.00882	0.02111
176.5	8.825	0.55782	0.00883	0.02109
176.6	8.83	0.55793	0.00883	0.02107
176.7	8.835	0.55803	0.00884	0.02105
176.8	8.84	0.55814	0.00884	0.02103
176.9	8.845	0.55824	0.00885	0.02101
177.0	8.85	0.55835	0.00885	0.02099
177.1	8.855	0.55845	0.00886	0.02097
177.2	8.86	0.55856	0.00886	0.02095
177.3	8.865	0.55866	0.00887	0.02093
177.4	8.87	0.55877	0.00887	0.02091
177.5	8.875	0.55887	0.00888	0.02089
177.6	8.88	0.55898	0.00888	0.02087
177.7	8.885	0.55908	0.00889	0.02085
177.8	8.89	0.55918	0.00889	0.02083
177.9	8.895	0.55929	0.0089	0.02081
178.0	8.9	0.55939	0.0089	0.02079
178.1	8.905	0.5595	0.00891	0.02078
178.2	8.91	0.5596	0.00891	0.02076
178.3	8.915	0.5597	0.00892	0.02074
178.4	8.92	0.55981	0.00892	0.02072
178.5	8.925	0.55991	0.00893	0.0207
178.6	8.93	0.56001	0.00893	0.02068
178.7	8.935	0.56012	0.00894	0.02066
178.8	8.94	0.56022	0.00894	0.02064
178.9	8.945	0.56032	0.00895	0.02062
179.0	8.95	0.56043	0.00895	0.0206
179.1	8.955	0.56053	0.00896	0.02058
179.2	8.96	0.56063	0.00896	0.02056
179.3	8.965	0.56073	0.00897	0.02054
179.4	8.97	0.56084	0.00897	0.02052
179.5	8.975	0.56094	0.00898	0.0205
179.6	8.98	0.56104	0.00898	0.02049
179.7	8.985	0.56114	0.00899	0.02047
179.8	8.99	0.56125	0.00899	0.02045
179.9	8.995	0.56135	0.009	0.02043
180.0	9.0	0.56145	0.009	0.02041
180.1	9.005	0.56155	0.00901	0.02039
180.2	9.01	0.56165	0.00901	0.02037
180.3	9.015	0.56176	0.00902	0.02035
180.4	9.02	0.56186	0.00902	0.02033
180.5	9.025	0.56196	0.00903	0.02031
180.6	9.03	0.56206	0.00903	0.0203
180.7	9.035	0.56216	0.00904	0.02028
180.8	9.04	0.56226	0.00904	0.02026
180.9	9.045	0.56237	0.00905	0.02024
181.0	9.05	0.56247	0.00905	0.02022
181.1	9.055	0.56257	0.00906	0.0202
181.2	9.06	0.56267	0.00906	0.02018
181.3	9.065	0.56277	0.00907	0.02017
181.4	9.07	0.56287	0.00907	0.02015
181.5	9.075	0.56297	0.00908	0.02013
181.6	9.08	0.56307	0.00908	0.02011
181.7	9.085	0.56317	0.00909	0.02009
181.8	9.09	0.56327	0.00909	0.02007
181.9	9.095	0.56337	0.0091	0.02006
182.0	9.1	0.56347	0.0091	0.02004
182.1	9.105	0.56357	0.00911	0.02002
182.2	9.11	0.56367	0.00911	0.02
182.3	9.115	0.56377	0.00912	0.01998
182.4	9.12	0.56387	0.00912	0.01996
182.5	9.125	0.56397	0.00913	0.01995
182.6	9.13	0.56407	0.00913	0.01993
182.7	9.135	0.56417	0.00914	0.01991
182.8	9.14	0.56427	0.00914	0.01989
182.9	9.145	0.56437	0.00915	0.01987
183.0	9.15	0.56447	0.00915	0.01986
183.1	9.155	0.56457	0.00916	0.01984
183.2	9.16	0.56467	0.00916	0.01982
183.3	9.165	0.56477	0.00917	0.0198
183.4	9.17	0.56487	0.00917	0.01979
183.5	9.175	0.56496	0.00918	0.01977
183.6	9.18	0.56506	0.00918	0.01975
183.7	9.185	0.56516	0.00919	0.01973
183.8	9.19	0.56526	0.00919	0.01971
183.9	9.195	0.56536	0.0092	0.0197
184.0	9.2	0.56546	0.0092	0.01968
184.1	9.205	0.56556	0.00921	0.01966
184.2	9.21	0.56565	0.00921	0.01964
184.3	9.215	0.56575	0.00922	0.01963
184.4	9.22	0.56585	0.00922	0.01961
184.5	9.225	0.56595	0.00923	0.01959
184.6	9.23	0.56605	0.00923	0.01957
184.7	9.235	0.56614	0.00924	0.01956
184.8	9.24	0.56624	0.00924	0.01954
184.9	9.245	0.56634	0.00925	0.01952
185.0	9.25	0.56644	0.00925	0.0195
185.1	9.255	0.56653	0.00926	0.01949
185.2	9.26	0.56663	0.00926	0.01947
185.3	9.265	0.56673	0.00927	0.01945
185.4	9.27	0.56683	0.00927	0.01944
185.5	9.275	0.56692	0.00928	0.01942
185.6	9.28	0.56702	0.00928	0.0194
185.7	9.285	0.56712	0.00929	0.01938
185.8	9.29	0.56721	0.00929	0.01937
185.9	9.295	0.56731	0.0093	0.01935
186.0	9.3	0.56741	0.0093	0.01933
186.1	9.305	0.5675	0.00931	0.01932
186.2	9.31	0.5676	0.00931	0.0193
186.3	9.315	0.5677	0.00932	0.01928
186.4	9.32	0.56779	0.00932	0.01927
186.5	9.325	0.56789	0.00933	0.01925
186.6	9.33	0.56798	0.00933	0.01923
186.7	9.335	0.56808	0.00934	0.01922
186.8	9.34	0.56818	0.00934	0.0192
186.9	9.345	0.56827	0.00935	0.01918
187.0	9.35	0.56837	0.00935	0.01917
187.1	9.355	0.56846	0.00936	0.01915
187.2	9.36	0.56856	0.00936	0.01913
187.3	9.365	0.56866	0.00937	0.01912
187.4	9.37	0.56875	0.00937	0.0191
187.5	9.375	0.56885	0.00938	0.01908
187.6	9.38	0.56894	0.00938	0.01907
187.7	9.385	0.56904	0.00939	0.01905
187.8	9.39	0.56913	0.00939	0.01903
187.9	9.395	0.56923	0.0094	0.01902
188.0	9.4	0.56932	0.0094	0.019
188.1	9.405	0.56942	0.00941	0.01898
188.2	9.41	0.56951	0.00941	0.01897
188.3	9.415	0.56961	0.00942	0.01895
188.4	9.42	0.5697	0.00942	0.01893
188.5	9.425	0.5698	0.00943	0.01892
188.6	9.43	0.56989	0.00943	0.0189
188.7	9.435	0.56999	0.00944	0.01889
188.8	9.44	0.57008	0.00944	0.01887
188.9	9.445	0.57017	0.00945	0.01885
189.0	9.45	0.57027	0.00945	0.01884
189.1	9.455	0.57036	0.00946	0.01882
189.2	9.46	0.57046	0.00946	0.01881
189.3	9.465	0.57055	0.00947	0.01879
189.4	9.47	0.57064	0.00947	0.01877
189.5	9.475	0.57074	0.00948	0.01876
189.6	9.48	0.57083	0.00948	0.01874
189.7	9.485	0.57092	0.00949	0.01873
189.8	9.49	0.57102	0.00949	0.01871
189.9	9.495	0.57111	0.0095	0.01869
190.0	9.5	0.57121	0.0095	0.01868
190.1	9.505	0.5713	0.00951	0.01866
190.2	9.51	0.57139	0.00951	0.01865
190.3	9.515	0.57149	0.00952	0.01863
190.4	9.52	0.57158	0.00952	0.01862
190.5	9.525	0.57167	0.00953	0.0186
190.6	9.53	0.57176	0.00953	0.01858
190.7	9.535	0.57186	0.00954	0.01857
190.8	9.54	0.57195	0.00954	0.01855
190.9	9.545	0.57204	0.00955	0.01854
191.0	9.55	0.57213	0.00955	0.01852
191.1	9.555	0.57223	0.00956	0.01851
191.2	9.56	0.57232	0.00956	0.01849
191.3	9.565	0.57241	0.00957	0.01848
191.4	9.57	0.5725	0.00957	0.01846
191.5	9.575	0.5726	0.00958	0.01845
191.6	9.58	0.57269	0.00958	0.01843
191.7	9.585	0.57278	0.00959	0.01841
191.8	9.59	0.57287	0.00959	0.0184
191.9	9.595	0.57297	0.0096	0.01838
192.0	9.6	0.57306	0.0096	0.01837
192.1	9.605	0.57315	0.00961	0.01835
192.2	9.61	0.57324	0.00961	0.01834
192.3	9.615	0.57333	0.00962	0.01832
192.4	9.62	0.57342	0.00962	0.01831
192.5	9.625	0.57351	0.00963	0.01829
192.6	9.63	0.57361	0.00963	0.01828
192.7	9.635	0.5737	0.00964	0.01826
192.8	9.64	0.57379	0.00964	0.01825
192.9	9.645	0.57388	0.00965	0.01823
193.0	9.65	0.57397	0.00965	0.01822
193.1	9.655	0.57406	0.00966	0.0182
193.2	9.66	0.57415	0.00966	0.01819
193.3	9.665	0.57424	0.00967	0.01817
193.4	9.67	0.57433	0.00967	0.01816
193.5	9.675	0.57443	0.00968	0.01814
193.6	9.68	0.57452	0.00968	0.01813
193.7	9.685	0.57461	0.00969	0.01811
193.8	9.69	0.5747	0.00969	0.0181
193.9	9.695	0.57479	0.0097	0.01808
194.0	9.7	0.57488	0.0097	0.01807
194.1	9.705	0.57497	0.00971	0.01806
194.2	9.71	0.57506	0.00971	0.01804
194.3	9.715	0.57515	0.00972	0.01803
194.4	9.72	0.57524	0.00972	0.01801
194.5	9.725	0.57533	0.00973	0.018
194.6	9.73	0.57542	0.00973	0.01798
194.7	9.735	0.57551	0.00974	0.01797
194.8	9.74	0.5756	0.00974	0.01795
194.9	9.745	0.57569	0.00975	0.01794
195.0	9.75	0.57578	0.00975	0.01792
195.1	9.755	0.57587	0.00976	0.01791
195.2	9.76	0.57596	0.00976	0.0179
195.3	9.765	0.57605	0.00977	0.01788
195.4	9.77	0.57614	0.00977	0.01787
195.5	9.775	0.57622	0.00978	0.01785
195.6	9.78	0.57631	0.00978	0.01784
195.7	9.785	0.5764	0.00979	0.01782
195.8	9.79	0.57649	0.00979	0.01781
195.9	9.795	0.57658	0.0098	0.0178
196.0	9.8	0.57667	0.0098	0.01778
196.1	9.805	0.57676	0.00981	0.01777
196.2	9.81	0.57685	0.00981	0.01775
196.3	9.815	0.57694	0.00982	0.01774
196.4	9.82	0.57702	0.00982	0.01773
196.5	9.825	0.57711	0.00983	0.01771
196.6	9.83	0.5772	0.00983	0.0177
196.7	9.835	0.57729	0.00984	0.01768
196.8	9.84	0.57738	0.00984	0.01767
196.9	9.845	0.57747	0.00985	0.01766
197.0	9.85	0.57755	0.00985	0.01764
197.1	9.855	0.57764	0.00986	0.01763
197.2	9.86	0.57773	0.00986	0.01761
197.3	9.865	0.57782	0.00987	0.0176
197.4	9.87	0.57791	0.00987	0.01759
197.5	9.875	0.57799	0.00988	0.01757
197.6	9.88	0.57808	0.00988	0.01756
197.7	9.885	0.57817	0.00989	0.01754
197.8	9.89	0.57826	0.00989	0.01753
197.9	9.895	0.57835	0.0099	0.01752
198.0	9.9	0.57843	0.0099	0.0175
198.1	9.905	0.57852	0.00991	0.01749
198.2	9.91	0.57861	0.00991	0.01748
198.3	9.915	0.5787	0.00992	0.01746
198.4	9.92	0.57878	0.00992	0.01745
198.5	9.925	0.57887	0.00993	0.01744
198.6	9.93	0.57896	0.00993	0.01742
198.7	9.935	0.57904	0.00994	0.01741
198.8	9.94	0.57913	0.00994	0.0174
198.9	9.945	0.57922	0.00995	0.01738
199.0	9.95	0.5793	0.00995	0.01737
199.1	9.955	0.57939	0.00996	0.01736
199.2	9.96	0.57948	0.00996	0.01734
199.3	9.965	0.57956	0.00997	0.01733
199.4	9.97	0.57965	0.00997	0.01732
199.5	9.975	0.57974	0.00998	0.0173
199.6	9.98	0.57982	0.00998	0.01729
199.7	9.985	0.57991	0.00999	0.01728
199.8	9.99	0.58	0.00999	0.01726
199.9	9.995	0.58008	0.01	0.01725
200.0	10.0	0.58017	0.01	0.01724
